0.819223,0.588765,2.972815,1.238686,0.505721,-1.690305,-3.949636,-0.301620,
-0.337179,-1.403541,0.602412,1.542526,-1.029398,0.167386,1.293039,0.442310,
-1.197636,0.180598,-0.851092,-2.549223,0.945766,0.281009,-1.879287,-0.028487,
1.420145,-0.361256,-0.537358,2.741233,-1.358852,0.197721,-1.669733,-4.261805,
0.263755,0.950836,-2.416515,-1.885509,-1.023014,0.607410,-2.296358,-1.846781,
1.506631,-1.876233,3.315965,1.014482,-1.328298,-1.444544,-3.538798,-0.271929,
-0.122140,1.165804,1.206322,0.642158,-0.094042,-1.416733,1.663949,0.471606,
0.568398,-1.504343,-2.112206,-1.009295,-0.175328,-0.130417,-1.181466,-0.452445,
-0.756030,1.977114,-2.164178,-2.508921,0.946738,0.996445,-1.096432,-0.410497,
-0.812528,2.094850,1.364024,1.904947,0.304343,-1.130738,-0.379619,2.093384,
-1.587613,0.154229,-0.418839,0.111823,-1.026639,-0.619250,-1.213456,-1.420479,
0.084765,0.049181,-0.432774,-1.877734,0.252803,-0.135671,-1.592829,-1.024266,
0.785778,-0.394735,1.310146,0.546952,0.998478,0.272014,4.104830,0.280999,
0.803828,-2.393862,-1.816378,-1.292539,0.033139,-2.290529,-1.509515,-2.053627,
4.485541,-0.646145,-0.842914,-2.580451,1.638793,-2.017325,-3.780024,-0.061315,
2.535358,-2.142183,-1.662779,-0.933518,-0.171488,1.899485,2.529024,0.924019,
0.236785,0.277404,-1.560915,-0.855266,-0.624663,2.547316,-2.192283,0.314622,
2.006177,-0.350978,1.823889,0.588359,-0.600420,1.251321,-1.795717,-3.170749,
-1.248032,0.506410,-1.124986,2.417404,0.819965,-0.081896,2.067386,0.707447,
0.333189,0.143883,-2.904693,0.027767,-2.640309,-0.217093,-2.483360,-2.582355,
1.335200,0.222643,1.852565,1.099208,0.658888,1.779428,-0.071769,2.298651,
0.057794,-1.249095,0.120545,0.325996,1.047409,-0.335732,-1.200350,-3.890429,
4.296646,-0.534994,-0.600413,-3.977455,-0.802288,3.592571,-1.437295,-3.700030,
0.821425,-1.580757,-0.149246,2.103880,-0.908328,-1.521091,2.155327,1.382243,
-0.941469,-1.488361,-0.809450,-0.878729,1.053520,0.067783,-3.571749,-0.434917,
-0.334138,0.403358,0.049036,-2.516115,-0.971638,0.589927,-1.115610,-2.968924,
-0.767879,0.481964,-3.546889,0.516676,0.007475,1.929227,0.955036,0.665025,
2.385306,-0.586301,-0.376242,-0.142199,0.949983,-1.646114,1.330851,-0.031250,
-1.627951,0.273899,-3.739746,0.514863,4.440320,0.187066,-0.665789,-2.628667,
0.425400,-2.129999,1.221249,1.030715,2.154864,0.735405,3.452245,1.567475,
0.873591,-0.516057,4.298026,-0.380551,-0.962073,1.556839,-1.771356,-4.290524,
-1.708228,0.212008,0.147972,0.369917,-0.399633,1.426639,-0.624674,-1.627702,
-1.059763,0.327960,-0.877194,2.257832,0.592011,0.263522,-1.086255,-3.094980,
-0.521790,0.041226,-1.184901,-1.251686,0.372967,-0.557942,0.686401,0.509503,
0.857729,-0.670344,-1.726011,-0.746540,1.117515,0.656816,-0.483485,-2.283375,
-1.126037,-1.039303,-2.748274,-2.079166,-0.193320,-1.815987,-0.311447,0.816321,
0.814691,-0.066714,-1.218606,-1.515030,-0.708520,0.520959,-0.695441,2.430713,
-0.547382,-1.187619,1.333492,-0.085764,-0.362760,-1.150405,-0.649990,3.102140,
-1.870488,0.917107,-1.500922,-1.201702,0.512019,-1.546964,-0.529481,2.809867,
3.203374,0.329821,1.117995,0.769170,1.827596,-1.843329,0.097336,1.305556,
0.015164,-0.390457,1.435075,0.844029,0.056807,-0.976978,-1.468836,-1.578496,
2.113788,-2.626117,-1.139796,2.944539,-0.722368,-2.252834,-0.762779,-3.046837,
-2.035085,-0.702853,1.584991,0.842469,0.426729,-1.537431,0.412155,1.566356,
0.376573,-1.927326,-1.671132,-0.178852,-1.840988,0.790029,-0.703756,-0.274678,
-0.108179,-0.350258,-2.784871,0.400797,1.039100,1.494789,1.562968,0.411312,
-1.135441,0.364029,0.423755,-1.323328,1.573296,0.103246,-0.580337,-2.548394,
-1.100255,0.302362,-1.154492,-4.294895,-0.411749,1.595080,0.820528,1.252507,
0.378173,-0.411518,-0.029628,0.946012,-1.085007,2.116757,-0.792107,-0.844577,
1.869554,2.036454,-0.807240,-3.563038,1.390947,-2.164804,-1.374698,-2.339684,
1.941096,-2.384263,-1.536095,-0.419772,0.828860,0.167005,-0.204594,1.456276,
-1.061603,0.381004,-3.728923,-0.455520,-0.841395,-0.840462,0.383132,-0.445810,
-0.817994,1.669418,-4.057180,0.130405,4.058896,-0.504139,0.043601,-0.646004,
-2.237853,0.423833,4.424372,-0.465384,1.684240,-0.337754,-1.641946,0.839311,
-0.451112,-0.211669,0.735134,1.633990,1.234248,-1.661737,1.258062,0.616563,
1.191500,-0.382415,0.356002,-1.625675,-0.728051,1.747349,1.461609,1.280257,
1.038670,0.694551,-0.441326,3.186306,3.063637,-2.890548,-1.223280,-3.379061,
-0.352606,-0.622877,0.972970,0.675868,0.639724,-1.121226,-1.112573,-1.545966,
0.280321,-0.690832,3.604541,-0.411672,-1.659714,-2.998998,-2.082006,1.009861,
0.028955,1.398134,0.532593,1.930855,1.862233,0.741776,1.342199,0.828074,
0.242541,-1.187621,0.350323,-1.923590,-0.494013,1.948567,0.612433,0.776900,
-0.598281,-0.013023,0.372997,2.348185,1.306080,0.441791,-0.588392,-3.747000,
1.635065,0.172919,0.109631,-0.131086,2.622144,-0.485265,-0.808706,-1.316393,
-0.600736,-0.015177,3.792974,-0.478540,0.161562,0.442491,-1.284715,0.335450,
-0.961781,1.360880,1.169370,2.214014,1.053269,-0.023676,0.774821,0.801316,
-1.604222,0.678739,-0.497286,-2.137811,-0.667578,-1.167452,0.285594,0.439099,
0.842280,1.120845,-0.284746,3.435951,-0.266305,1.215189,-0.825522,-3.577037,
0.821286,-1.154353,-0.009564,0.392697,1.461444,0.156605,-0.398196,-0.942553,
-0.718837,-1.096071,-2.668061,0.505112,-1.666711,0.059597,-0.209562,-1.444933,
0.492779,-2.364777,0.419535,1.001361,-0.523330,0.698945,0.114526,-1.894525,
-1.907798,0.592161,0.807780,1.866789,-0.253954,1.738476,1.082679,0.219572,
-0.500737,-1.649208,1.127482,0.671588,0.860147,-1.368667,4.404834,-0.161799,
2.243004,-0.450425,-0.687077,-0.854802,-0.238162,2.234634,-0.787669,1.317737,
-0.085846,-1.817003,-0.271026,-1.829975,-2.243194,0.739546,0.455595,0.671854,
-0.304808,-0.401106,3.434473,1.405306,2.151173,-3.007011,-0.556482,0.246184,
2.721839,1.078422,-0.243016,-1.843908,1.510584,-0.346202,-0.836767,3.105221,
-1.153435,-0.290943,-1.365302,-3.554071,-0.688919,2.822236,3.265666,1.895739,
0.127230,-0.823525,-2.171696,-3.176076,2.734900,-0.009014,-1.580854,-2.572956,
0.411931,2.316113,-3.487171,0.783241,-1.536501,0.422627,-0.407878,2.864998,
0.189585,0.532655,-1.032425,-1.351268,1.325230,-1.504947,-3.373847,-0.050537,
1.222588,-0.667014,0.657527,2.493002,-0.555015,0.887101,-1.589066,-2.218600,
1.376672,1.154731,1.000501,0.746577,0.795429,-1.158678,-0.093846,2.674461,
0.156109,-1.829253,0.538973,1.987744,2.087859,0.879577,0.412797,0.774427,
0.868090,-0.022313,-0.186245,-2.181505,1.544492,0.128510,-0.528724,2.405468,
0.888600,-0.160881,1.180021,-0.192948,0.900455,-1.249548,-0.105375,0.378454,
-0.241237,-1.363056,-1.205223,-3.678648,0.318011,-1.858555,0.732803,1.965277,
0.825297,-1.048337,1.275408,0.700703,-0.062294,-0.674788,-1.016872,0.488194,
0.760424,-1.441740,-3.541852,0.107350,0.264212,-0.313094,1.003744,2.577055,
0.367261,0.910424,-0.799815,-3.398015,0.414452,-1.166698,-3.616532,-0.219998,
1.281317,0.069542,-1.407774,-2.454407,-0.135214,-0.731065,-3.562661,-0.047995,
0.698833,-0.279167,-2.853270,0.111893,-1.034046,0.145985,3.542660,0.542593,
-1.018575,1.127068,0.595850,0.397478,-0.112789,-1.312940,-1.117129,-1.644500,
-0.875415,-1.449353,0.544230,1.750811,-1.781910,0.178678,-0.572751,3.152237,
-0.662121,-0.105334,-0.160148,-1.971371,-1.059784,-0.217617,0.255250,-3.399240,
0.127640,-1.249126,-0.877262,-1.898020,0.431114,-0.879416,0.546068,2.104200,
-0.109781,0.402982,-0.931161,-4.108426,0.084214,1.298463,-0.944530,-1.692104,
1.381059,-2.476559,0.670805,2.200210,-1.060693,0.576318,-0.730231,-2.460493,
0.163370,-1.187681,0.748529,1.941573,1.873568,-0.422641,-1.605446,-3.580690,
-0.732519,1.395965,-1.364360,-1.734428,0.317403,0.799241,1.026256,1.132358,
1.204079,-0.095987,-1.621009,-0.875087,-0.842722,0.408214,-0.487122,3.493148,
0.708356,0.231755,-3.956804,-0.091881,-0.981025,0.772925,3.027935,2.039951,
-0.403790,1.524855,-0.772445,2.040561,0.214998,-2.134272,0.546677,1.729892,
1.715702,-0.060127,1.186215,0.386411,-0.849048,0.212533,0.733605,1.454497,
-2.177032,0.591352,-1.207605,-2.602206,-0.939664,1.424399,-2.450722,-3.428351,
-0.598990,-0.776713,-0.477071,-1.988186,0.167798,1.144371,-1.609751,-1.034948,
-2.429645,0.141014,-0.981176,-0.229399,-0.843964,0.022561,-0.540037,-2.315841,
0.060320,-1.015249,-0.607150,3.303071,-1.166045,-0.955039,-1.484079,-2.276927,
1.351265,-1.255787,1.295910,1.134379,1.138207,-2.477794,3.093493,2.629165,
0.650693,-1.127863,5.089841,0.049986,-0.364892,1.543186,-0.634276,3.044381,
0.021167,1.272829,0.871579,0.766486,1.013650,-1.236489,4.580381,0.889377,
-0.008987,-1.361578,-0.499718,1.081789,0.998069,-2.027458,-1.648230,-0.670874,
3.964669,-0.694445,-0.754000,-1.485573,0.022484,-1.558256,-3.545111,-0.202731,
-0.421631,0.506641,-0.343978,-0.278764,1.444581,-2.226299,-3.267876,-0.024748,
0.191007,1.867561,-0.243162,3.019399,-1.932533,0.947779,1.146665,2.188684,
1.643569,0.585220,3.111982,1.799732,-1.302460,0.414400,-3.483348,-0.105710,
-0.241728,0.289232,0.718054,1.747779,4.375296,-0.361593,0.413139,-0.727537,
0.314845,-1.827040,0.344075,-3.096185,5.065071,-0.135781,-1.286180,0.427585,
3.782464,-0.374029,-0.572308,3.197971,-2.700925,0.528063,-1.068011,-2.855257,
1.961726,-1.808158,-1.773240,-1.601170,-0.929470,0.196091,-1.955565,-3.245065,
-0.949081,0.869918,2.633665,1.870456,0.893810,0.605757,-3.320135,0.178990,
-0.613956,1.218433,0.901130,1.461715,-0.338752,-1.178840,0.867914,0.251406,
0.557012,-0.113435,-0.726914,-2.820054,-0.302676,-1.547045,-1.275807,-1.454685,
-1.273659,0.200499,-0.472824,0.798233,0.902207,-0.488487,-1.558521,-2.136969,
-0.379022,0.295603,2.333262,1.983995,1.249735,0.080100,-2.422533,-1.014303,
-4.055767,-0.257861,0.146129,1.827487,2.356676,-0.053243,1.289859,0.489550,
0.882840,0.334595,-1.405056,-0.712518,-0.718748,1.956164,-0.036599,0.333999,
-0.226131,-0.565796,-1.821195,-1.436841,-0.092123,0.036143,-1.473968,0.340989,
1.648707,0.328155,-1.008948,-4.137267,-0.513021,0.411488,-3.352841,-0.749888,
-3.090140,-0.422750,-1.703115,-2.302125,-2.652140,0.682642,-2.345475,-1.699425,
0.952838,-1.348140,-0.632419,-0.308550,0.331418,0.368108,0.848352,2.228137,
1.612760,-0.605171,0.531528,1.188266,-1.048243,-1.282947,2.453854,2.546623,
0.675343,-1.378547,-1.209706,-4.000003,-0.268193,-3.021973,-0.935864,-0.759017,
3.330638,-0.311155,-1.917450,-3.174269,4.416889,-0.655477,0.929504,1.904303,
0.167524,0.408621,-2.412797,-1.697454,0.151359,1.234492,-0.860058,-2.136869,
0.520495,-0.214164,-1.854847,-0.757518,-0.340239,1.604611,-2.986964,-0.621094,
-0.472885,1.687657,-0.971484,0.566353,-3.066417,0.385460,-0.237973,-0.267231,
-0.275596,-0.635677,-0.875120,-3.766182,1.411128,1.248050,-1.686558,-1.331132,
1.604121,0.430004,-0.295458,0.070886,1.252442,0.590846,-0.888198,0.959844,
1.048378,1.570153,0.836007,0.639189,0.618421,-1.742245,0.943600,1.439362,
-1.136903,0.436028,-3.776796,0.301914,1.866378,-0.264736,0.772990,1.524581,
-1.008463,0.344982,0.848173,0.659381,-0.989086,-0.179565,-0.253009,0.406414,
-1.947358,-1.114064,0.443956,1.093644,0.851687,-1.792972,0.692211,1.606684,
0.531477,-1.902434,0.078669,2.790587,0.145894,-0.994076,-2.044692,-2.798759,
0.050472,1.099672,-1.427305,-2.344634,0.294367,1.560280,-0.480716,-0.435434,
-1.277997,0.501488,-3.345191,-0.703872,-0.348434,-0.176360,-1.249423,-0.169108,
0.750200,-0.816464,3.142246,2.071212,-0.695352,1.060587,-1.525620,-0.443837,
0.250402,-1.140085,-0.034384,-0.067854,1.775234,-0.022750,-1.822044,-1.691566,
-0.486012,1.492048,-0.551404,-2.569848,-1.734641,-1.493128,-2.959922,-0.894571,
-1.077821,0.392592,-1.499640,-2.728940,-0.237219,-0.953550,1.278089,2.246439,
-0.839529,1.198736,-3.515751,-0.401915,0.670882,0.319467,-2.105976,-2.234844,
3.177789,-0.226384,-0.534171,1.768076,-0.832544,3.246274,-2.076500,-2.408921,
-0.695681,-0.955582,-2.259800,-1.752861,0.698866,0.321461,2.039516,1.432089,
-1.666533,0.220476,-1.064505,-0.816273,1.114713,-1.818389,0.466509,1.587727,
1.552260,-2.645740,-2.897569,-0.472010,1.525881,-1.798704,-2.561271,-0.805311,
2.924796,-0.099523,-0.056029,-0.695723,-0.927912,-0.249509,-1.227945,-1.234288,
1.299670,-2.015861,-2.462436,-3.310755,-1.231108,0.239559,0.102996,1.886339,
2.583436,-0.268070,-1.046881,-1.872688,2.340027,-0.291691,-0.564760,2.075207,
-0.840949,-2.003935,0.147853,0.318890,0.476028,-2.932445,-0.663182,-0.033579,
0.756205,0.281172,-0.254003,-0.860549,-0.277581,0.482204,-1.552458,-1.502067,
0.442108,-2.832583,1.853335,1.403060,-0.914645,-0.759014,-0.035910,1.525804,
-0.925920,-1.677145,-2.999254,-0.242182,-1.225946,0.470210,3.014551,1.621090,
1.535333,-2.086099,-2.799757,-0.904180,0.708304,1.875695,1.000497,0.169157,
-2.702703,-0.264900,0.293363,-0.596339,-0.984931,0.650937,-1.701539,-1.394454,
-2.315114,0.467596,-1.131950,2.922788,-0.638224,0.472272,-2.536918,-3.798437,
0.606579,0.445038,-1.994788,-1.301920,-0.201002,-1.649408,-1.235787,-2.983787,
1.215337,2.167807,0.344032,1.762674,-0.674114,1.362330,-1.230354,-1.040008,
-0.509696,0.925899,-1.747552,-0.696700,1.901912,0.292646,-0.715533,-1.938220,
-0.488881,1.499833,0.012069,1.673389,0.962503,1.546042,1.007271,1.383624,
2.418999,-0.747336,3.465314,1.652895,2.413688,0.084071,-3.671797,-0.883931,
-0.428374,2.105570,0.704679,2.254712,-1.135890,1.115421,1.205394,0.389822,
-1.681215,0.508262,0.602206,-2.115944,-1.127585,0.262034,1.402104,1.261307,
-0.123788,-1.581146,0.407266,3.719540,0.822384,-0.860448,-2.108174,-4.068318,
0.175493,2.421159,-1.973052,-0.999639,0.845976,-1.471562,-0.123465,-1.878050,
-0.391530,0.200885,2.822983,1.316491,0.619655,0.087457,-4.110426,-0.804968,
1.145848,-1.268096,-0.163972,1.291990,0.070200,0.336449,1.030808,0.666613,
-1.063829,0.203581,0.072111,-2.356958,-3.908690,0.613424,1.629086,0.781931,
-0.698491,-1.181560,0.348223,3.427110,1.676489,0.839129,-1.495892,-4.092824,
2.170691,-0.289029,-2.911044,-0.885326,0.753154,-1.456210,-0.784045,-1.923828,
0.001350,-0.009290,3.575088,0.944039,-1.281570,0.531771,-3.685931,-0.229597,
0.955214,1.335634,1.064370,1.930097,-1.184629,1.196685,1.224624,0.817073,
0.903740,1.844697,0.070569,-2.849234,1.135642,-1.120784,2.237528,0.016084,
-0.451790,-0.104943,0.497921,3.451630,2.350548,-0.781690,-2.220152,-3.740179,
0.977448,-2.331000,-2.276691,-1.428304,0.453982,-0.063083,-0.338507,-2.081011,
-1.093548,-0.753955,0.593230,-1.854244,-0.083700,-2.166845,1.260563,0.725477,
0.062245,1.125131,3.595022,1.292820,1.036387,0.017195,-0.147224,3.523179,
0.435727,-0.185245,0.307886,3.128062,-0.912878,0.133596,0.386793,3.055201,
-0.086528,0.099373,-0.078429,-2.226234,1.203018,-1.782019,3.761969,1.891472,
-0.377010,-0.671305,2.527007,2.074614,-0.501547,-0.095313,-3.646134,0.049983,
1.334807,-0.398699,-1.209058,-2.790070,0.324224,-1.555213,1.722132,0.593058,
1.339279,-0.117831,-2.890644,-4.019929,-0.762031,-0.947708,-1.103056,-3.226785,
1.264860,-0.645874,1.660345,1.600070,0.867108,-0.342579,0.454478,3.479396,
1.335619,-0.498347,-0.644165,-0.373663,-0.327493,1.625092,0.371601,-3.017970,
1.533465,-2.111773,-3.910602,0.226530,0.762276,-0.058849,1.178141,0.507469,
1.519599,0.006464,-1.587198,-1.886532,-0.695791,0.255154,1.298607,0.621746,
-0.295018,-3.798201,-0.498970,-3.021398,0.527501,2.240055,-0.512342,1.025746,
0.291499,1.523894,0.137326,-0.107098,0.155997,-1.351405,-3.583067,-0.098506,
-1.077263,0.109921,3.509398,1.938973,0.029597,-1.257807,-3.881394,-0.109738,
-0.062557,0.378722,-0.871055,2.994023,0.387305,-0.907388,3.787692,1.411096,
-0.246901,1.442533,1.072101,0.724913,2.854364,0.297609,-1.166441,-0.663845,
0.807641,-0.213669,-0.102601,-2.259289,-0.742689,2.559378,-2.761554,-2.287302,
-0.178115,0.122928,-0.647546,-3.133173,0.133189,-1.508073,1.438790,0.708754,
0.030185,-1.383905,0.122719,0.380442,-0.423925,1.846417,-2.489323,-2.955462,
1.180758,-2.314446,1.062950,0.720797,0.281441,-1.890982,-0.545668,0.365890,
-0.238658,0.184362,-3.664539,0.657476,-0.320785,2.153245,0.971984,0.585362,
0.207385,-1.652090,-0.099674,0.663481,0.489610,1.230881,1.628811,0.984728,
-0.425647,2.175090,-1.183610,-0.992166,2.607453,0.496309,-1.197312,-2.790271,
1.639150,-1.859093,-4.272027,-0.241303,-0.599757,-0.825869,-0.929494,-0.444543,
0.015161,-0.686053,2.104382,2.777353,2.038931,-2.111735,-0.932803,-1.826715,
1.147116,-0.258673,-0.320927,3.355342,0.637744,0.500067,-0.265324,-0.749493,
0.189888,1.045606,-3.975336,0.271168,0.091369,-1.973042,-3.103285,0.715693,
1.389237,0.409886,1.732315,1.131140,-1.987317,0.320595,-2.325428,-3.073308,
0.648139,0.136152,-0.489531,3.281927,1.152872,-0.661421,-0.467789,-0.051237,
0.973099,1.373732,1.307587,1.027186,1.073827,0.362727,0.269595,-3.238880,
1.124323,-1.240849,2.194557,1.484489,-0.343950,1.444397,0.476723,-2.702216,
-1.109506,2.075837,-1.989832,-3.783722,-0.154766,-1.563122,-0.046447,-3.072131,
0.460329,0.163677,0.909435,1.205064,-0.328049,-0.116782,2.769915,1.698665,
2.663097,2.138424,1.012661,0.594153,-0.200299,0.876649,-0.159394,-0.445360,
-1.536308,-0.723984,-0.957168,-0.743005,0.222394,-0.036911,1.027343,0.955518,
-0.120958,-1.681774,1.621851,1.275048,-0.394373,-0.352024,-4.012926,-0.063987,
3.511126,-0.655623,0.838320,1.782163,1.586495,0.452125,1.210109,-0.473376,
0.333583,0.215549,1.044906,-2.600047,-0.310164,-0.284650,-0.548989,0.865570,
-1.949296,-3.393100,-0.473954,2.984325,2.169758,-2.383778,0.222358,-2.812202,
-1.315647,-0.251267,-2.111959,-1.398371,1.654514,0.076504,-0.641894,-2.898047,
-0.338284,-1.149637,1.652453,2.121839,0.884783,0.040536,-3.776561,-0.073373,
-0.859302,1.100387,0.917053,1.564189,-0.310136,-1.409202,1.912035,-0.033669,
-0.566996,-2.925865,0.188221,-1.838414,-0.420595,-1.845253,-0.714398,0.242941,
-0.438409,0.055793,-0.550981,3.104175,1.885106,0.760026,1.281933,2.024597,
0.378358,-1.720865,-3.169249,-0.571823,1.217183,-1.693253,0.997689,2.355703,
1.321314,-1.688507,1.662032,0.650564,1.791594,0.612793,-2.457689,-3.979138,
0.555623,-0.241273,-2.092239,-1.540218,1.556691,-2.825120,-1.072476,-0.155139,
0.081339,1.024676,0.823322,2.398181,-1.771635,-1.944295,-3.679930,-0.380361,
-2.091853,0.685449,-0.792430,-0.055880,-1.298232,0.986480,-1.506095,-1.527811,
1.746845,-0.180855,-0.916214,-1.253720,1.490100,-2.224097,2.313775,1.912411,
-1.025552,-2.633093,0.081786,-2.761796,0.528070,-2.311107,0.995611,1.921267,
1.052489,-1.393230,-0.934848,-2.105396,0.076104,-1.696712,-1.355158,-0.029720,
-0.498501,0.213990,-1.073868,-2.908789,0.226126,0.570819,-1.396467,1.494271,
0.853702,-1.925625,-3.319352,-0.217616,0.481004,-3.303407,1.009940,1.647217,
-0.289186,2.865397,-0.896069,-2.098657,0.505423,0.766365,-0.996242,-0.465395,
-2.775912,-1.742251,1.815022,2.107140,-0.378436,-1.979361,-3.247721,-0.236097,
1.154553,0.080057,0.961180,-0.636806,-0.895330,-3.614736,-0.969679,2.384884,
1.148897,0.777214,1.196522,1.355503,0.187915,1.143640,-4.056118,-0.323505,
1.441486,-0.022032,-3.433549,0.257830,-0.194709,-2.448631,-2.098763,-1.693673,
0.061448,0.090615,1.951615,1.755481,-0.127651,0.556969,0.008072,-2.470064,
-0.054264,-1.145148,-0.450868,-2.617993,1.160205,0.079047,-1.039970,-1.895921,
0.266114,-0.375871,-0.778585,2.149405,0.727152,-0.433518,1.261973,0.380306,
0.477860,-0.361985,-0.448322,1.667776,-0.701977,0.162771,1.730367,1.905003,
-0.425198,-0.747842,-1.806824,-4.096251,-1.065058,0.153686,1.006890,-0.850869,
2.716816,-1.012847,-1.273291,0.290658,-0.519449,2.035200,-0.524752,-3.160439,
0.520262,-1.169172,1.017785,2.195276,1.494925,-2.723043,0.446772,-1.164173,
0.954016,0.496926,-3.463530,0.027936,0.417660,-2.782311,-0.823487,-3.655097,
-0.332337,1.148798,1.331618,1.556327,1.287842,-0.095287,-0.796171,2.282638,
0.984292,0.567580,-1.787464,-4.057974,-0.682174,0.510764,-2.402826,-0.098229,
0.368892,-0.458847,-0.670424,-2.979301,0.661719,-1.285156,-0.053317,-1.148818,
0.013980,-2.229917,-1.924737,-0.715155,1.220389,2.017412,0.482817,1.573070,
-2.349752,0.645809,-2.525250,-1.409807,0.806811,-1.967576,1.317694,0.521025,
0.392831,-0.028793,-2.569879,-0.225031,3.091262,-0.037887,0.418748,-2.095862,
-0.765402,1.968892,1.445635,0.569188,-0.969350,-1.846530,-1.083642,-0.880753,
0.535360,-0.900340,-0.897719,0.423879,0.689351,-0.180502,-1.442716,-1.660617,
2.808534,-0.568400,1.587062,0.596291,0.609569,1.989034,-2.557615,-1.030189,
0.856698,0.201105,-0.070189,1.585402,-0.235846,1.140410,0.006661,-0.516441,
-1.966399,-2.265041,-1.020482,-1.882124,1.457177,-1.825914,1.172515,0.696436,
4.907550,-0.420711,-0.687189,2.572087,-0.774227,-0.610448,-0.402313,-3.606895,
-1.833004,0.320548,1.291952,0.372893,1.510786,-0.609123,-0.908768,0.677145,
0.801340,2.150296,2.872619,-0.079091,0.805229,-0.627613,-3.570156,-0.000159,
-1.208592,0.711680,-0.385942,0.250909,0.168586,-2.547162,1.088088,1.205570,
-0.244151,-1.601557,-2.263885,-1.952776,0.350384,-0.109611,-0.490512,0.934034,
-1.534512,0.471500,-1.860345,-2.250074,-0.053968,-0.076543,-0.348104,0.284712,
0.673150,-0.434503,-2.999447,0.972924,-2.197978,-2.216720,0.929832,0.665648,
0.086065,-0.137745,-3.173983,-0.282223,-0.870414,0.652219,0.538313,0.351081,
-0.072116,-2.060062,-0.570865,-2.523581,0.035936,0.716190,0.790575,-1.350412,
2.022823,-0.181276,0.615025,-0.055826,4.111354,0.251655,-2.193857,-0.041916,
-1.776641,0.141331,-2.911876,0.100258,-2.133575,-2.379194,0.553992,-2.185687,
-1.674967,0.951745,-3.661698,-0.242888,0.668773,0.430011,0.670296,1.955712,
-1.128833,-0.788292,-0.906383,1.227620,2.889915,0.841429,-0.209338,2.640903,
-0.615898,2.726811,3.817888,0.898281,0.512522,-1.153600,-2.565726,-0.035859,
-0.078984,2.278974,1.440212,1.523468,-0.024904,-0.826839,-1.132928,-1.959644,
-1.198428,1.633118,-0.153097,-0.074830,2.427652,-0.095541,-0.616665,-3.134933,
0.840198,0.561408,0.879781,-0.100059,-1.823629,-0.786352,2.923015,1.363408,
1.847727,-0.196812,0.554340,1.434801,0.248246,-0.785288,-1.344962,1.030729,
0.448226,-0.922794,-1.353156,1.828146,0.273722,-1.981480,-2.613825,-0.300160,
1.150373,-2.027174,-0.972477,1.364894,-2.007360,0.872669,1.727587,1.306321,
-0.284313,0.200675,0.453189,1.501179,0.327962,-1.062311,-2.449280,-0.114544,
0.863015,1.481596,-1.514560,-3.493326,-1.565271,-2.087725,1.398091,-1.330138,
2.140997,-0.362345,0.249700,1.415171,1.461516,-0.190338,-2.859469,-0.129702,
-1.874985,0.689679,-1.110434,-1.483295,0.883124,1.437586,-0.171960,1.516481,
-0.666809,1.388902,1.602607,0.299505,-0.994266,-0.951023,0.036983,2.426367,
-0.613771,0.705171,1.522494,-0.104923,-0.020166,-2.189392,0.436178,0.196876,
0.453936,-0.145039,1.282541,0.310078,-0.187384,2.047524,-0.163396,-2.037511,
-1.306956,-0.361664,-0.514069,-0.413902,0.985707,-0.189333,1.082167,0.135374,
3.009037,0.424842,-1.764450,-2.418183,-0.855933,-2.642201,-2.287262,-0.222616,
-0.434389,-1.183435,-0.854493,-2.119694,1.512314,-0.985095,-1.011069,2.510320,
0.513931,-0.945962,-0.575827,-2.907195,1.867741,-0.271596,-0.809938,-2.609084,
0.352765,-1.751310,-0.708624,0.212235,-0.521161,-0.226072,-0.972824,-2.599057,
-0.022057,0.068951,-0.528786,-1.858302,0.656753,-0.311401,-1.219222,-2.269533,
0.887929,-1.872967,-1.428309,-2.462707,-1.401656,0.333148,0.050401,1.476038,
2.038376,-2.569901,0.544528,-1.361082,-0.714344,0.283635,1.981678,2.215921,
-0.446809,-1.782025,-3.245974,0.265816,-0.547897,0.755164,0.531392,2.057510,
0.474473,1.526296,1.372792,1.399098,0.709957,-1.468444,0.686557,-3.323096,
-0.859905,1.354443,-0.402673,3.688748,-0.100054,0.883268,-0.108625,-2.493180,
-1.116437,0.079886,0.447381,1.028802,1.753308,-1.616309,1.719421,2.369914,
0.910455,-1.880363,-3.466442,0.818787,1.234771,-1.371904,0.724002,1.477295,
-1.879993,0.476939,0.424642,0.772406,-0.738229,2.204689,0.112602,-2.404692,
-0.254057,1.598275,-2.115979,-3.654106,2.101864,-0.130566,0.832752,0.789620,
0.498824,-2.486831,2.483777,1.867215,0.814290,-0.015985,-3.616295,-0.655698,
1.300635,-1.551913,-0.066497,1.570394,0.719498,1.249756,0.699934,-3.485346,
0.667931,-2.001693,-1.473839,-3.015854,0.772195,0.040669,0.115473,0.950307,
0.830798,-0.669200,0.170728,-2.695385,0.140497,0.412622,0.464777,-1.277044,
-0.688935,1.981619,0.276767,-2.018561,1.167396,-0.239305,-0.788987,-1.015945,
-0.952351,1.371502,-0.962134,-1.536072,-1.382128,0.444918,0.392414,-2.054647,
0.177480,-1.272829,1.086500,1.189405,-0.749897,0.840025,-1.723678,-2.227907,
1.103880,0.101029,0.861178,0.199184,-1.178482,0.354366,0.511415,-2.447854,
-1.503371,1.230153,1.069236,1.134239,-1.541597,0.262292,-0.965803,0.300362,
0.679669,-1.613364,0.617564,0.509414,-0.358049,0.953354,0.401232,-0.721195,
1.048418,1.742656,-0.167689,1.183102,-0.946964,-1.602531,0.134867,-1.245550,
-1.188547,0.657809,1.277192,-2.239304,0.853879,0.488467,0.309118,1.420630,
-0.163214,-0.647933,-0.890010,2.220737,1.342560,-2.154819,-0.849005,0.705939,
-0.006069,-1.042665,0.439851,-2.008820,0.833124,1.354290,0.995524,0.825270,
-0.108437,1.685452,-0.297031,-0.080268,-0.351163,2.188341,1.445019,0.685773,
1.209887,2.013425,0.259569,1.672365,-1.130216,0.629568,0.753773,-2.327730,
0.911520,-2.133917,1.025280,-2.548338,-1.705582,-2.853615,0.126505,-2.445688,
2.685484,-0.231059,-2.758812,-0.058917,0.051889,1.579755,1.017130,-0.267793,
-0.538061,-1.802443,0.107863,-0.861483,0.567590,-0.189014,-1.842005,-0.685857,
-0.840391,-0.769018,-1.701154,-0.616511,0.026801,-1.082857,-0.836572,0.707844,
0.214628,-0.396999,1.023978,1.604455,1.925858,-1.067004,0.198600,-2.708103,
-1.164897,-2.140812,-1.141256,0.821172,-0.252529,0.066516,1.656054,1.507528,
1.163180,0.518191,-0.208116,3.489698,0.751078,-0.390928,0.139843,1.636975,
-0.714893,-1.870149,1.026791,1.147228,-0.538952,-0.208091,-0.251091,3.474225,
1.624436,1.168415,0.368075,-2.460261,1.768152,-2.637699,-0.812059,-1.955870,
1.129193,-1.669978,-0.900881,2.543535,2.800020,-0.076083,-1.200187,-0.060232,
1.208642,0.415641,-0.917572,-1.457767,2.489356,-2.816911,1.120186,1.029820,
-1.541418,-1.825873,1.146875,0.825050,-0.680809,1.607627,1.365595,0.460468,
1.129319,-0.252503,-3.707965,0.639280,0.693290,-1.713955,-1.085120,3.515020,
1.641799,0.621967,-1.059396,0.441348,-0.288429,-0.638401,-0.103967,3.921676,
-0.122158,-0.141596,-1.992503,-1.933849,-0.304931,0.445401,-2.770724,0.562959,
-0.571661,-2.991863,0.099872,-2.021491,-0.480861,0.643640,-2.151170,-2.349932,
0.948818,-0.466143,-0.826195,2.588338,0.441267,-1.541652,0.016257,0.162839,
0.942572,-0.345973,-1.222868,0.528890,-1.037377,-0.493410,0.273288,-2.763829,
0.498937,-0.538224,0.346264,-2.958716,1.349762,2.085214,-1.485027,-2.263168,
-0.014759,-0.642934,1.397069,1.592027,-0.588915,1.182498,1.196002,1.693078,
1.647719,-0.083671,-1.419874,-3.455460,-1.152761,0.425146,-0.477190,-1.941041,
2.917409,-1.129522,0.422149,1.059227,-1.186369,2.985734,1.745323,1.860641,
0.521448,-0.684210,0.684035,0.089141,0.192057,0.104201,2.101209,2.011045,
1.751834,-0.544259,-1.914188,-0.467585,-0.194704,2.382221,3.521460,2.137324,
4.113788,0.512209,-3.022242,0.019992,1.396762,-1.081688,2.830258,1.948504,
3.726936,0.758513,0.106919,-2.077263,-0.868967,0.804265,-1.257983,-0.644995,
0.794511,-0.910302,1.048144,1.438699,0.619295,-0.100306,0.286129,-2.683900,
1.046198,-1.397793,-1.492405,-3.070113,1.801369,-1.454586,-0.457138,-1.855699,
0.099452,0.889404,-0.034555,1.597471,4.219350,-0.136196,1.001516,1.713462,
0.625827,0.118205,-0.608926,2.739523,-0.763787,0.167964,-0.031481,2.077090,
0.047572,-2.013675,-0.542174,2.622106,-1.352036,0.409220,0.391946,1.436996,
-0.607670,-0.663839,0.441414,1.228686,-0.807760,1.578129,0.447745,-2.131517,
-0.203228,-0.943637,1.130158,-2.047106,1.770853,-1.651524,2.483908,1.617023,
-0.164531,1.406920,-3.111110,0.005672,1.446645,-0.375490,1.066259,2.385291,
1.026090,-1.958909,1.315562,0.219472,-1.006016,-1.132442,-1.123916,-0.496491,
-0.369955,-1.605347,-0.898768,1.014066,0.743473,1.220474,-0.859821,1.904728,
1.301731,-1.765804,-0.692863,-3.345555,-0.657290,2.194100,-1.625530,-0.228122,
2.994787,-0.543261,-1.963733,-1.559003,-1.299030,-2.424553,0.430705,1.625503,
0.022823,2.027539,-3.787570,-0.439156,0.038912,-0.616731,0.371102,2.120605,
0.439769,-0.243809,1.298547,0.234847,-0.194964,-1.704186,-0.607231,-3.217762,
0.999254,-0.163047,-0.875894,-0.071879,0.033817,0.044262,-0.752682,1.498552,
0.105985,-0.017673,-0.572282,-3.457411,-0.193641,0.837549,-0.657743,0.499569,
1.336801,-1.611589,-2.266473,-1.518192,-1.276712,-1.382076,2.419951,1.785077,
0.072892,1.091044,-3.092195,0.179475,0.954824,-2.007162,0.158408,1.786634,
1.875487,-1.958410,1.755094,0.078141,-1.493049,0.786562,-2.241411,-3.245578,
-0.917686,-0.010815,-2.127945,-1.513059,1.268188,-0.259308,-2.248828,-1.357695,
-0.927095,3.267648,-2.458238,-1.898347,-2.092472,0.817947,-2.288993,-3.098914,
1.238152,-2.595781,-0.371008,0.132046,1.078302,-1.509436,-3.218367,-0.046975,
-0.772235,0.332225,-2.086451,-2.410633,-0.203402,2.152087,-1.578172,-0.174891,
-0.547503,-0.502612,0.960306,0.911259,0.596418,0.065023,3.073219,2.284045,
-1.133705,0.137020,-1.795630,0.200169,0.682222,-0.170981,-1.701614,-1.250233,
-0.344559,-0.182009,-1.804586,-0.642666,0.607067,2.464041,2.822345,1.459252,
0.688109,-1.743952,-1.714227,-0.201696,0.210323,0.027960,-3.336984,0.365547,
0.839518,0.258729,-0.989239,-0.411535,0.340410,0.692806,-1.162247,-2.631201,
-0.883376,2.332066,2.408969,2.352232,1.228878,0.200260,-2.295167,-2.033720,
-1.126445,1.184817,-0.398876,2.267675,-0.528238,1.776823,2.640672,1.328997,
-2.972339,0.104945,-3.327441,-0.528435,0.220952,-1.388289,-1.752470,-3.344509,
-0.187723,-0.841786,1.855060,1.951658,3.378770,-0.231869,-0.694036,2.562616,
-0.662532,1.947222,-0.262545,0.052961,-0.813769,1.217986,-1.542729,-2.506599,
0.949446,-1.638194,-0.557326,0.810034,-0.306369,0.865838,-0.506049,-1.250025,
-0.655088,0.601063,-1.561734,-3.695340,0.685673,-1.310545,-1.357942,1.631238,
0.807678,0.240221,2.613771,2.827412,1.282292,-1.396528,-1.889361,-0.133089,
-0.420186,1.430599,-2.285727,-0.149292,0.120551,-1.411306,-2.101029,-2.917774,
0.332480,0.093263,-2.229151,-2.879026,2.348982,-0.993124,-3.510213,-0.136883,
-0.970767,0.220426,0.441788,1.114143,2.793718,0.004033,-0.473196,-0.111688,
3.725728,-0.882272,1.189276,1.090357,0.708698,-0.789467,-1.871871,-0.336871,
-0.408052,1.535768,-1.297707,-1.574398,0.268590,1.018084,0.451931,1.775899,
-0.469624,1.784963,0.119670,-0.364773,-0.138467,-0.476758,-1.035526,-0.501236,
-1.136953,0.032996,-2.160074,0.096133,1.555947,-2.000746,-2.708821,-2.336714,
-1.089394,0.432791,-0.114739,1.529847,1.190721,1.593850,1.213713,0.862921,
0.449816,-0.803891,-1.617408,1.980573,-0.725351,0.119066,-1.448309,-3.015050,
1.183467,0.231036,-1.827849,1.951070,1.272823,1.912190,0.185725,1.409178,
1.431799,-2.502972,0.359187,2.118480,-0.831674,1.494959,0.564784,2.090643,
-0.154037,-0.931986,-0.945064,-2.356858,1.521620,-0.006386,-0.976287,2.816190,
0.701441,-0.034623,-2.083881,-2.430997,-1.433223,-1.863827,1.763958,1.800505,
-0.687137,0.457493,-0.370706,-1.638174,0.612622,-2.778061,-0.855439,0.339429,
0.736738,-0.816902,-0.757735,0.320756,2.058049,-0.108207,-3.705263,-0.712932,
1.097626,-1.734125,1.153236,-0.038523,-0.072023,1.784539,1.488438,0.259009,
0.117651,0.677938,-2.286058,-1.920268,0.085241,-1.530995,0.212838,2.054504,
1.020416,-0.225807,-1.385727,-2.581874,3.285403,-0.323517,-1.282321,-3.090319,
1.242948,0.303995,-2.340031,-0.757796,0.596832,0.382140,0.277850,1.360389,
3.594965,-0.288644,-3.214397,-0.753397,0.389472,0.565642,0.826508,0.545817,
0.721016,-0.063570,-3.333410,-0.228931,0.520003,0.505073,1.432129,0.557713,
1.512427,-1.853101,2.448812,1.631919,2.706501,0.001512,-1.596232,0.692995,
1.398612,-2.357565,-0.382044,0.965903,-2.362048,-2.464692,1.786126,0.186278,
-0.751291,-1.166046,0.565642,-2.147361,-0.467135,-0.149621,-0.691229,-0.790732,
1.620422,-0.381095,-0.560618,1.779657,0.580094,-1.027589,0.157191,-2.675684,
1.624693,-2.090182,-1.375194,-0.505909,2.250932,-3.108826,-0.139156,-0.985642,
0.545284,1.736862,2.965780,0.953774,3.208663,-0.275654,-2.858821,-0.395850,
1.219765,-2.017782,-0.333506,1.476564,1.008333,-1.570491,1.391789,0.126085,
1.120025,-1.436760,0.910171,-1.679559,0.875696,0.690019,-0.758134,-0.291026,
-0.153469,-1.786859,-1.284523,2.997612,-0.866458,-1.314827,-0.575812,-2.556891,
-1.258409,0.563812,-0.064362,-0.068932,1.547898,1.012334,-0.772858,-1.274923,
0.184343,-0.368222,3.674464,0.471596,1.805565,-2.919571,-3.278933,0.603459,
0.334593,0.524835,-0.242033,1.193508,0.750254,-0.003123,1.552627,0.939507,
1.668924,-0.893822,0.530960,-2.022725,-1.412062,0.056815,0.109379,-2.405442,
-1.543876,-0.321639,-0.306782,0.309334,-2.841479,0.801417,-0.776286,-1.643721,
0.982445,1.056996,-0.035640,1.603413,-0.173860,1.050221,-0.121063,-1.303612,
4.969505,0.668474,-3.060914,0.201153,0.307250,-0.705786,-0.482651,-1.381374,
0.411315,0.351660,-0.979940,2.784103,1.240010,0.038123,-0.866869,1.633473,
1.365191,-1.894322,-0.304446,-2.355459,2.097303,-0.328993,1.442148,0.188104,
-0.192451,-0.390455,1.117868,0.424225,2.698876,1.921803,0.222748,2.478101,
-2.660177,-0.038477,-2.442157,-0.099867,2.629010,-0.449198,-0.056166,-0.466825,
0.942002,-1.891340,0.518592,-2.808189,-1.778476,1.304990,-0.903220,-3.044059,
1.448613,0.479027,0.936904,0.478355,0.219272,-0.543160,-0.664626,-0.552185,
1.529052,-2.116338,-0.327031,-2.206126,-0.236293,1.382973,0.107747,-2.178241,
-1.007962,-0.223694,-1.956384,0.596399,1.517611,0.123163,-2.090668,0.873112,
-1.253565,0.126812,3.525584,0.981656,1.794867,-1.406410,-2.498628,0.165014,
-0.840244,-0.314832,-0.196166,-1.319338,-0.561113,2.219144,-1.305910,2.513238,
-0.879337,1.561642,2.913591,1.033666,-1.035719,0.156635,-1.192211,1.164943,
1.603931,0.945875,-0.228333,-0.417868,-0.143844,0.280454,0.529097,2.068295,
-0.909024,0.110437,-2.543371,0.522321,0.039989,0.540820,0.398630,-2.663537,
0.554590,-0.746982,0.301102,-0.384625,0.035800,0.665424,4.749299,0.005212,
1.439955,2.315015,4.423123,-0.324396,0.107454,2.545790,0.472500,0.888123,
-0.993410,-1.460126,4.753805,-0.458097,-0.131886,-1.632160,-0.572627,2.431705,
0.781352,-1.553689,-0.112085,-1.434173,-2.657673,0.803344,0.078579,0.828481,
-0.380547,-0.833363,0.655097,0.602905,0.591390,-1.724080,-0.330297,-2.460228,
0.014859,-0.124749,-1.133882,2.006168,3.439484,-0.064970,0.261616,-1.295128,
0.022834,-0.236700,-0.136905,0.378663,-0.400629,-1.796129,-0.316485,-2.827845,
1.202353,-2.285395,-1.351187,-0.640886,-1.389577,1.307449,0.054481,-2.109727,
1.756947,-0.874997,0.892156,0.278164,0.200644,1.345464,0.855843,0.287678,
1.376786,-0.001076,0.804043,-2.339685,-1.206624,0.433499,-1.388326,-1.230054,
0.536388,0.446786,-1.126750,2.124787,-0.022428,-1.594337,-0.810504,-1.616597,
1.427991,-1.668983,-0.899607,-2.051899,1.143077,1.440299,-1.191193,-1.880328,
0.694951,1.500468,3.959877,0.297125,-0.564695,-1.530112,4.428071,-0.075258,
0.352434,-1.124006,-0.863963,-0.041758,1.207021,0.521492,4.193243,0.764895,
-1.223602,-0.880734,-0.607083,-0.328042,1.232967,0.321278,-1.365973,1.823616,
0.644947,0.106329,-0.905365,2.478593,0.095916,0.773042,0.571403,0.468989,
1.055883,0.710818,-1.403543,-0.971197,-0.810956,-0.093938,-3.091431,0.336616,
0.135492,-0.357942,-0.782878,-2.544355,1.610436,-0.556017,1.382022,0.525325,
-0.657470,0.899172,-0.984818,-0.765746,0.766556,-1.800001,-1.591734,-0.993688,
1.873196,1.039002,3.116620,1.245744,3.462455,0.010968,1.078961,0.572241,
0.299665,0.583483,-1.542431,1.817853,-0.843019,2.143119,-0.877076,-2.617171,
-0.467534,-1.425726,0.862065,0.460163,-0.081108,-0.492395,-3.073302,0.585513,
0.305454,-1.534026,1.423285,-0.021637,-0.918108,-1.173711,-0.379373,-2.502253,
-0.513839,0.290125,-1.308004,-0.800799,0.264610,1.462444,-2.365222,0.087105,
-0.993083,-0.036878,-1.040948,-0.837679,-0.965968,-0.459638,3.781194,0.918458,
1.496887,-1.401478,-1.711438,-1.379512,-1.406688,0.721249,0.374357,1.408409,
1.259631,0.270662,0.663135,-2.846264,1.448904,-2.311285,-0.385246,-2.994947,
3.795799,2.083544,0.551459,0.508406,-0.454358,1.971632,-3.699014,0.655059,
-1.213001,-0.557995,-1.249969,-3.719923,0.793841,-0.415657,-1.458494,1.795567,
0.057470,0.099022,3.400446,0.677891,-0.992692,0.185229,-1.086708,0.258883,
1.212056,-1.520518,-0.381372,0.822741,0.828514,-1.610855,1.604335,0.180144,
-0.726978,2.692351,1.419802,-2.418786,-2.887330,-0.945760,1.842967,0.286437,
-0.826914,-2.136877,-0.312216,2.568649,-0.431944,-0.365446,2.594499,-3.109305,
-0.701555,-0.022384,0.506908,-0.132151,-0.444976,-1.167238,1.087494,-2.099236,
0.300005,0.780764,3.803766,1.028775,0.866368,-1.064063,-1.387420,0.997273,
-3.312821,-0.314279,-0.694812,1.711888,0.808915,-0.111982,1.611927,-1.132732,
0.420873,-0.019319,0.665072,-2.101516,-0.723609,1.466354,-1.904103,-2.120563,
3.495711,0.589984,-0.436369,2.457019,0.384702,0.565639,0.692172,-3.179910,
1.099759,0.094158,1.381802,1.883449,-0.703097,1.114922,-1.061786,-0.361282,
2.051128,-0.728956,1.449783,1.387321,0.433016,-0.834440,-1.529075,-0.169657,
-0.833416,0.893124,-0.385450,0.339426,0.245052,-1.417573,1.906757,0.081681,
1.241213,-2.081244,0.425955,-2.331048,0.113527,0.617757,2.143840,0.565639,
0.061241,-0.016563,-0.932979,1.936224,-1.141031,1.104950,-1.650859,-3.088256,
-1.222041,2.348632,-1.180880,-1.205680,-0.269280,1.126278,-1.502878,-2.009778,
0.244229,1.594265,2.630353,2.021632,-0.688654,1.232804,-0.816606,-1.329794,
0.030151,0.441292,-1.117693,-1.067102,-0.599655,1.308280,-0.239364,-1.416577,
0.065912,0.667691,-0.226248,-1.952729,-1.415587,-0.046303,2.389216,1.447850,
-0.226538,0.194536,-2.790880,-0.368637,-1.775676,0.702887,0.450668,-2.236130,
1.675430,-2.763893,0.750014,0.748895,0.722516,0.609559,-3.845072,-0.373892,
1.282873,1.108915,-1.210587,2.194788,-0.430617,1.608019,-1.081674,-2.463934,
0.091819,0.758541,0.600426,0.719099,0.691960,-1.598807,1.077684,2.724583,
0.997845,-0.900085,0.325538,-1.926539,4.420096,-0.583356,2.548288,1.651577,
-0.371709,-0.320495,1.549828,1.212364,2.683393,1.211779,-1.496919,2.102831,
1.036000,-1.466915,-1.632283,-3.594545,0.522974,-1.408547,1.128312,1.318600,
-1.334148,0.878927,-0.487709,-0.983475,-0.180977,-0.204018,-0.447628,-0.820200,
1.788343,-1.715969,0.957934,0.613375,-1.611009,0.205676,-0.020804,0.062195,
-0.960926,-2.781414,-1.435253,0.533277,0.870284,-1.871789,-0.911588,1.783898,
0.517291,-0.737950,0.071262,-1.605674,1.130773,-2.065340,-1.268987,2.218328,
0.922790,2.209746,-0.246628,-2.671543,-0.923696,0.954733,1.154904,1.068452,
2.223985,1.879805,-0.919266,2.581641,0.130182,-1.214863,1.043650,-0.158246,
0.400492,-1.923256,2.008338,-0.459766,0.140994,-1.058400,2.729804,2.172150,
0.925302,0.209528,0.238080,0.771795,1.255141,-0.068035,-0.253084,-2.236291,
0.644163,-1.461239,2.363336,1.559103,-0.868223,-0.733978,1.308892,1.389504,
0.280912,1.194972,0.193187,-1.597292,1.428409,-0.958057,-0.363265,-1.607788,
1.245231,-2.075526,-2.377316,0.742683,0.697974,0.141692,1.446917,-2.126165,
0.108735,1.749119,0.643933,1.445134,0.558658,-1.064368,0.724342,-3.186370,
1.619329,-1.444573,-0.547337,1.647263,-0.349891,2.835105,-0.877014,1.728829,
-0.836169,0.649964,-1.233156,0.614767,-0.918283,1.334386,0.068362,0.152194,
-0.670395,-0.517866,2.356679,1.130676,0.704461,-0.958029,4.085787,1.422669,
0.677359,-0.133529,1.974743,0.372233,-0.122602,0.873078,3.271976,1.108605,