0.645355,0.280977,2.604801,0.167247,0.049241,-1.163533,-3.245808,-0.162125,
-0.540003,-0.887036,0.714496,1.084527,-0.959209,0.663059,0.956460,0.177462,
-1.197326,0.812965,-1.000454,-1.975044,0.694117,0.201551,-1.539813,0.077773,
0.851829,-0.205579,0.011050,2.427682,-1.348014,0.756192,-1.550452,-3.550495,
0.327853,0.678011,-2.252819,-1.367537,-0.724493,0.672403,-2.098607,-1.412311,
0.619591,-1.237143,2.806561,-0.106106,-1.317419,-1.205157,-2.916583,-0.145820,
-0.082818,1.077887,0.960478,0.543987,-0.342073,-1.010371,1.219712,0.390000,
0.343175,-1.587849,-1.873181,-0.734737,-0.133943,-0.085278,-1.080301,-0.143202,
-0.406347,1.866240,-2.032040,-2.020339,0.781835,0.614211,-1.005811,-0.210353,
-0.332365,2.094264,1.392591,1.105014,0.013095,-1.020699,0.018627,1.925837,
-1.648339,0.896094,-0.673533,0.097268,-0.840133,-0.456433,-1.173440,-1.148585,
-0.113898,0.191619,-0.580409,-1.454186,-0.100421,-0.035951,-1.458692,-0.762038,
0.371569,-0.223556,1.017015,0.344581,0.606562,0.183437,3.151506,-0.631883,
0.785980,-2.127336,-1.624800,-0.917271,-0.096454,-1.757272,-1.634654,-1.466473,
2.922774,-0.886260,-0.951185,-2.117583,0.684532,-1.381381,-3.130363,-0.054444,
1.187774,-1.416438,-1.602633,-0.843056,0.015907,1.685260,1.998130,0.125568,
0.185385,-0.164856,-1.440063,-0.459492,-0.126805,2.346543,-2.079216,0.649760,
1.103564,-0.212477,1.423275,0.249276,-0.488382,1.383315,-1.641832,-2.568918,
-1.209176,1.112083,-0.541548,2.280236,0.457017,-0.008190,1.709885,0.034453,
0.087484,0.357043,-2.460723,0.079820,-2.420926,-0.109043,-2.170383,-1.933576,
0.855600,0.256462,1.564132,0.343793,0.905407,1.313571,0.301038,1.967827,
-0.064162,-1.168989,-0.257299,0.294917,0.465529,-0.323392,-1.325885,-3.251883,
2.787203,-0.557695,-0.777340,-3.005508,0.038551,3.077324,-1.281388,-3.090565,
0.288930,-1.166760,0.104348,1.929717,-1.014616,-1.160776,1.937950,0.665459,
-0.772171,-1.216817,-0.976896,-0.620964,0.578892,0.203867,-3.077048,-0.145552,
-0.255724,0.383212,0.025473,-1.931202,-1.075733,1.170075,-1.052416,-2.589202,
-0.645528,0.942698,-3.115592,0.546602,0.325853,1.651962,0.701084,0.438773,
1.548631,-0.470923,-0.320928,0.072671,0.367426,-1.105879,0.820809,-0.015347,
-1.648066,0.932211,-3.034075,0.417439,3.468520,-0.972728,-0.932460,-1.916696,
0.059262,-1.517562,1.224507,0.778292,1.823661,0.184385,3.054878,0.157141,
0.788998,-0.931077,3.002977,-0.672776,-0.227023,1.305492,-1.594574,-3.592763,
-1.777310,0.739343,-0.162530,0.328669,0.024822,1.256208,-0.843084,-1.010253,
-1.223394,0.985465,-0.350075,2.145379,0.365827,0.277771,-1.131932,-2.287856,
-0.574357,0.404650,-1.050550,-1.017060,-0.066356,-0.282383,0.420402,0.292199,
0.286484,-0.114396,-1.825793,-0.388641,1.065339,0.312477,-0.762566,-1.613215,
-1.025118,-0.809185,-2.419521,-1.485814,-0.444833,-1.409645,0.036806,0.521829,
0.312272,0.171377,-1.154376,-1.162537,-0.651216,0.471482,-0.242414,2.377660,
-0.547565,-0.909993,0.797779,0.033982,-0.421996,-0.631974,-0.105021,2.790064,
-2.007505,1.503002,-1.413208,-0.938022,0.288224,-1.093389,-0.029884,2.594767,
2.576901,-0.973202,0.817894,0.410586,0.962952,-1.360887,0.400955,1.056515,
-0.058743,-0.225655,1.151999,0.517884,-0.213036,-0.668464,-1.539351,-1.236940,
0.821579,-1.582756,-0.450066,2.828123,-0.900963,-1.684772,-0.902154,-2.562485,
-1.952732,-0.543301,1.297523,0.296899,0.090426,-1.089980,0.741957,1.223377,
0.121118,-1.440938,-1.363072,0.071238,-1.815166,1.398576,-0.710980,-0.150824,
-0.311309,-0.051724,-2.564217,0.587195,1.085930,0.767261,1.190678,0.190661,
-0.995103,0.574538,0.176429,-1.269796,1.025277,0.048403,-0.722926,-2.067302,
-1.007346,0.797995,-0.965408,-3.545752,0.037776,1.404169,1.126281,1.039613,
0.067843,-0.226892,0.355332,0.620919,-0.203887,1.752098,-0.818416,-0.621591,
1.771523,1.195456,-0.743678,-2.910176,0.475680,-1.474714,-1.348617,-1.986784,
1.142326,-1.941513,-1.499912,-0.150366,0.420241,0.386183,0.146168,1.139197,
-0.944403,0.928026,-3.080085,-0.235220,-0.913493,-0.761901,0.091986,-0.435621,
-0.421895,1.601111,-3.257448,0.062564,2.929241,-0.955743,0.084977,-0.814015,
-2.306760,0.945748,2.869777,-0.610462,1.255386,-0.434136,-1.906491,1.398249,
-0.472525,0.118230,0.990666,1.392593,0.878760,-1.466081,0.968311,0.382667,
0.720361,-0.265385,-0.073547,-1.253634,-0.197854,1.517849,1.011198,0.715937,
0.854425,0.499780,0.264214,2.665406,1.283267,-1.683272,-1.144312,-2.900101,
-0.377745,-0.545606,0.924532,0.487526,0.169746,-0.768246,-1.054180,-1.193475,
-0.097987,-0.287147,2.337950,-0.665097,-1.520797,-2.632583,-2.192136,1.574811,
0.076961,1.204856,0.764846,1.500504,1.510045,0.169344,1.069812,0.485934,
0.309569,-0.954582,-0.032671,-1.491155,-0.078503,1.689590,0.384264,0.392742,
-0.641880,0.295352,0.966391,1.701636,1.110582,0.227090,-0.601595,-3.298531,
1.074033,0.115592,-0.031533,-0.073209,1.741726,-0.613273,-0.788892,-0.955472,
-0.579250,0.331525,2.484466,-0.677134,0.191374,0.435791,-1.509611,0.775516,
-0.322726,1.269493,1.333925,1.691396,0.554840,0.022890,0.620686,0.515020,
-1.249705,0.599994,-0.698341,-1.627414,-0.611904,-1.021245,0.139493,0.122744,
0.992047,-0.322331,0.205247,2.991751,-0.044350,0.937399,-0.753856,-3.129366,
0.196941,-0.687983,-0.153463,0.285052,0.940017,0.159060,-0.490736,-0.664164,
-0.560087,-1.218775,-2.621775,0.757619,-1.725277,0.526270,-0.498886,-1.063378,
0.218362,-1.745478,0.191533,0.731853,-0.228690,0.586947,-0.168380,-1.526538,
-1.859694,1.079047,1.075184,1.362583,-0.008003,1.581422,0.757896,0.085024,
-0.687862,-1.395487,0.770811,0.417286,0.396297,-1.046988,3.072325,-0.448745,
1.371434,-0.339724,-0.644568,-0.613762,0.278994,1.866243,-0.588719,1.151060,
-0.211848,-1.636981,-0.529490,-1.373989,-2.283187,1.113497,0.285381,0.537749,
-0.351502,-0.111630,2.778957,0.561180,0.673214,-1.908453,-0.654230,0.273557,
2.226857,0.383869,-0.467615,-1.355040,0.871201,-0.132091,-0.025641,2.599100,
-1.278811,-0.120251,-1.280920,-3.128738,-0.160802,2.688003,2.845961,0.771636,
-0.112536,-0.616144,-1.993658,-2.703043,1.879711,-0.471946,-1.422447,-2.212646,
0.783129,1.914284,-3.034619,0.687207,-1.578290,0.968063,0.124244,2.372092,
0.081142,0.545054,-0.980633,-0.986843,0.721349,-0.979971,-2.890069,0.004400,
0.449305,-0.148406,0.916462,1.924299,-0.405685,0.669897,-1.594704,-1.858317,
1.295391,0.593995,0.773299,0.424804,0.236617,-0.687185,0.433645,2.065021,
-0.114067,-1.590199,0.850531,1.487952,1.711360,0.133921,0.282558,0.557967,
0.567701,-0.102770,-0.357982,-1.592133,1.109917,-0.004220,-0.026834,2.111075,
0.567270,-0.211901,0.753076,-0.133278,0.237000,-0.795064,-0.167807,0.062891,
-0.551425,-0.951292,-1.055030,-3.111240,0.015358,-1.442334,0.982181,1.580991,
0.548179,-0.871968,1.004643,0.419332,-0.246268,-0.405742,-1.156980,0.369800,
0.285420,-0.997129,-3.042076,0.107207,0.023448,-0.307414,1.226446,1.868930,
0.250652,0.827181,-0.736312,-3.056416,0.087502,-0.744963,-3.123810,-0.137366,
0.791387,0.207013,-1.268553,-2.084161,-0.383516,-0.523546,-2.900332,-0.034236,
0.358924,-0.060631,-2.500530,0.113192,-0.943164,0.589949,2.712268,-0.207132,
-0.540077,1.064406,0.349652,0.235657,-0.281745,-1.072417,-1.247264,-1.233842,
-0.897558,-1.063921,0.853747,1.339969,-1.805695,0.835625,0.003573,2.588294,
-0.723785,0.083953,-0.476058,-1.409292,-1.011757,0.271530,0.508063,-3.079072,
-0.230861,-0.853308,-0.869190,-1.302283,0.001683,-0.539909,0.912448,1.528032,
-0.124576,0.482855,-0.804796,-3.614639,0.499489,1.008034,-1.051481,-1.263072,
0.629871,-1.859501,1.002933,1.582219,-0.974877,1.250358,-0.809416,-2.001696,
-0.143251,-0.861754,1.101430,1.564579,0.954848,0.090991,-1.486794,-3.130547,
-0.546770,1.581647,-1.394057,-1.503850,0.324195,0.712599,1.119686,0.662509,
0.705990,0.105182,-1.611493,-0.661164,-0.751326,0.801297,0.015583,2.977885,
0.460568,0.202417,-3.215921,-0.072953,-1.036406,1.361708,2.811079,0.890894,
0.038231,1.337780,-0.447511,1.965844,-0.161749,-1.529647,0.257180,1.388667,
1.127545,0.094560,0.924845,0.189680,-0.766449,0.719383,0.535485,1.105949,
-2.235107,1.181451,-1.219340,-2.277258,-0.182430,1.031853,-2.250221,-2.847708,
-0.595645,-0.510290,-0.645373,-1.569914,0.249117,1.058115,-1.601274,-0.897163,
-2.306744,0.285149,-0.679257,-0.389490,-0.725705,0.127792,-0.611261,-1.969388,
-0.136167,-0.889284,-0.063790,2.918992,-1.055289,-0.703317,-1.467212,-1.972705,
0.619265,-0.852067,0.995636,0.665130,0.808334,-1.881472,2.846095,1.420961,
0.112559,-0.695529,3.526104,-0.431274,-0.116657,1.414588,-0.065363,2.689110,
0.236943,1.035707,0.640767,0.589025,0.309956,-0.805882,3.387487,-0.068971,
-0.116170,-1.057003,-0.223721,0.897090,0.331915,-1.423630,-1.564134,-0.406519,
2.578348,-0.611177,-0.739561,-1.204501,-0.271548,-1.121168,-2.937878,-0.092209,
-0.379845,0.647981,-0.522177,-0.165680,0.930925,-1.831637,-2.630967,-0.085536,
0.392577,1.478523,0.253938,2.579355,-2.083358,1.546302,1.096206,1.465148,
1.219507,0.358067,2.743341,0.579151,-1.316842,0.979001,-2.925073,0.075853,
-0.276734,0.326002,0.848185,1.258864,2.906222,-0.535261,0.128632,-0.426395,
-0.154218,-1.353075,-0.031444,-2.308320,3.834082,-1.240645,-1.163833,0.573601,
2.411314,-0.228092,0.026119,2.770340,-2.464166,0.689598,-0.739096,-2.612871,
1.199928,-1.473423,-1.687379,-1.233849,-0.866953,0.625799,-1.825562,-2.699305,
-0.696707,0.877374,2.399418,0.599319,0.651783,0.191533,-2.659727,0.153026,
-0.254972,1.031104,1.138150,1.027555,-0.349996,-0.935189,0.587680,0.197846,
0.242988,-0.007939,-0.880807,-2.085778,-0.530035,-1.255946,-0.794713,-1.334367,
-1.309243,0.816214,-0.480017,0.474937,0.380011,-0.261501,-1.419899,-1.692042,
-0.157254,0.255116,2.191917,0.645308,0.831338,0.077389,-2.069260,-0.714945,
-3.588513,-0.000506,0.329502,1.418372,1.657246,-0.353010,1.017636,0.298195,
0.550346,-0.014281,-1.320001,-0.658197,-0.284333,1.900614,-0.120394,0.334078,
-0.265371,-0.596477,-1.526676,-1.082927,-0.250789,0.183857,-1.223065,0.368402,
1.172065,0.175756,-0.901245,-3.605860,-0.231653,0.198398,-2.763067,-0.488619,
-2.535485,-0.254083,-1.698790,-1.813702,-2.522814,0.796174,-2.055323,-1.174045,
0.694024,-1.071491,-0.646696,-0.140357,0.106025,0.372579,1.143692,1.730013,
0.598033,-0.273704,0.528263,0.938817,-1.037262,-1.058351,2.301276,1.191059,
0.220843,-0.965188,-0.943286,-3.404759,-0.287085,-2.741672,-0.856074,-0.460957,
2.315764,-0.467701,-1.764652,-2.581289,2.919753,-0.781142,0.963656,1.299679,
0.253220,0.336832,-2.213914,-1.327559,0.373837,1.072757,-0.969076,-1.448997,
0.058989,-0.027088,-1.720573,-0.545984,0.092370,1.342276,-2.443160,-0.474105,
-0.092488,1.424093,-0.945596,0.614585,-2.819507,0.530406,-0.444643,-0.241342,
-0.273670,-0.392217,-1.027452,-2.794237,1.366345,0.826958,-1.542588,-1.023851,
1.244613,0.217887,-0.621762,0.038686,0.916342,0.535681,-0.696953,0.893361,
1.109736,1.027294,0.550185,0.396954,0.178329,-1.203853,1.058268,1.007937,
-1.302609,0.714307,-3.027228,0.305378,1.072633,-0.129416,0.788745,1.045748,
-1.175432,1.064523,0.507333,0.256923,-0.753204,0.028923,-0.476988,0.093312,
-1.779487,-0.843899,0.210931,0.663682,0.975615,-1.635635,0.801653,1.213920,
0.112232,-1.444559,0.569135,2.309929,-0.055388,-0.721711,-1.831414,-2.533914,
0.196239,0.843198,-1.435121,-1.715979,0.667180,0.918757,-0.697780,-0.359671,
-1.346567,1.076101,-2.778190,-0.368752,-0.542986,0.159941,-1.212445,-0.034615,
0.262486,-0.557395,2.856339,0.641693,-0.466113,1.033125,-1.382102,-0.240797,
-0.017426,-0.804314,-0.302292,-0.199727,1.080236,-0.030836,-1.592809,-1.281115,
-0.106108,1.301633,-0.663466,-1.879793,-1.512578,-1.330611,-2.427028,-0.641064,
-1.196167,0.606413,-1.417880,-2.293843,-0.381765,-0.616588,1.402914,1.235895,
-0.400174,1.104529,-2.780015,-0.242070,0.374635,0.416063,-1.907462,-1.782722,
1.973591,-0.329361,-0.076638,1.425122,-0.220445,2.819970,-1.862998,-1.942785,
-0.761690,-0.626214,-1.997996,-1.392314,0.325842,0.419773,1.971045,0.556744,
-1.584171,0.580371,-1.131096,-0.549661,0.292121,-1.179981,0.589643,1.247662,
0.712637,-2.117109,-2.425733,-0.220516,0.708473,-1.324508,-2.239186,-0.509717,
2.094555,-0.448753,-0.137685,-0.480450,-0.845833,0.018638,-1.255472,-0.977005,
0.530820,-1.342425,-2.275850,-2.818030,-1.203237,0.800876,0.264126,1.365833,
1.712876,-0.269186,-1.060681,-1.658869,1.489523,-0.522834,-0.113913,1.537581,
-0.721559,-1.798786,0.072298,0.310032,0.334276,-2.271842,-0.588028,-0.265796,
0.256067,0.414762,-0.526665,-0.683928,-0.354936,0.806437,-1.402215,-1.177922,
0.518840,-2.267871,1.677580,0.666944,-0.780258,-0.473578,0.132810,1.016596,
-0.822519,-1.420076,-2.489031,-0.207550,-1.212578,1.076417,2.727722,0.481234,
1.158236,-1.723907,-2.413023,-0.600044,0.965525,1.396053,0.785911,-0.102322,
-2.471554,-0.110610,0.202964,-0.509925,-1.010071,0.685391,-1.590113,-0.860045,
-2.179445,0.911954,-0.255443,2.613358,-0.445737,0.402538,-2.287877,-3.206787,
0.263842,0.377389,-1.912466,-0.843485,-0.326243,-1.538015,-1.206857,-2.108341,
1.386675,1.387801,0.272207,1.232272,-0.124793,1.158195,-1.370301,-1.012918,
-0.329551,1.001135,-1.633296,-0.473214,1.522339,-0.316521,-0.779446,-1.333353,
-0.046931,1.132134,0.317376,1.185187,0.982068,0.921981,1.098218,0.827869,
1.297551,-0.298265,3.070500,0.526497,1.648154,-0.184060,-3.057826,-0.503978,
-0.080581,1.870711,1.000694,1.728162,-0.926222,1.217513,0.865220,0.138392,
-1.801481,1.079596,0.400104,-1.466227,-1.164383,0.870590,1.091851,0.754481,
-0.220110,-1.251265,0.824422,2.924133,0.365041,-0.464629,-1.928701,-3.514947,
0.597533,1.841864,-1.932136,-0.659545,0.527241,-1.219419,-0.366600,-1.516390,
-0.241517,0.308436,2.508995,0.211034,0.327905,0.125131,-3.501405,-0.454514,
0.427855,-0.685331,0.177161,1.040984,-0.093550,0.544541,0.742598,0.369406,
-1.123785,0.121998,0.079962,-1.766573,-3.371648,0.534516,1.355934,0.176969,
-0.704385,-0.900221,0.742999,2.724270,1.499796,0.311914,-1.359306,-3.512406,
1.535731,-0.656638,-2.739580,-0.412848,0.184491,-0.964652,-0.851576,-1.583460,
-0.150429,0.202705,2.992944,-0.392583,-1.416133,1.174588,-2.998755,-0.057184,
0.759873,0.739281,1.293485,1.448332,-0.435318,1.021107,0.906496,0.487027,
1.041415,1.543898,-0.083036,-2.135612,0.547578,-0.839350,1.598009,-0.304241,
-0.468909,0.250975,0.868075,2.854871,1.252757,-0.485815,-2.016986,-3.150936,
0.679669,-2.060414,-2.276080,-0.956180,0.121987,0.186618,-0.460102,-1.694009,
-1.015682,-0.561759,0.523759,-1.475798,-0.272976,-1.834846,0.961731,0.388954,
0.326155,0.973400,3.045734,0.292875,0.471914,0.098951,0.413317,3.045582,
0.044173,0.120494,0.678567,2.659388,-0.827552,0.587058,0.779789,2.487435,
-0.189523,0.162854,-0.287624,-1.880944,0.885172,-1.331202,3.361723,0.562370,
-0.540689,-0.358721,2.391176,0.890733,-0.509722,0.199426,-2.894807,0.050543,
0.804762,-0.125747,-1.261348,-2.347522,0.071060,-1.269186,1.285837,0.052468,
0.848507,0.001524,-2.675653,-3.301023,-0.795932,-0.636721,-1.086844,-2.669213,
0.905415,-0.569327,1.276534,0.893454,0.440797,-0.096820,0.866474,2.751706,
0.676522,-0.287118,-0.701153,-0.170910,0.056860,1.343317,0.163634,-2.266768,
0.630210,-1.366802,-3.388521,0.305920,0.292914,-0.049206,0.869529,0.241549,
1.109515,-0.110096,-1.494485,-1.432213,-0.431424,-0.148589,0.889133,0.148482,
-0.420487,-2.677487,-0.489268,-2.705419,0.958397,1.656708,-0.310736,0.903334,
0.362702,1.225092,-0.175035,-0.292734,-0.000764,-0.920685,-2.834450,-0.088448,
-1.047420,0.679861,3.167719,0.560828,-0.171308,-0.991328,-3.064717,-0.134855,
-0.109654,0.380617,-0.293092,2.706461,0.125857,-0.716351,3.315306,0.167258,
-0.138392,1.254351,0.745917,0.403896,2.232265,-0.203984,-1.371339,-0.435877,
0.101713,0.388155,-0.227089,-1.778961,0.011614,2.200822,-2.520335,-1.849218,
-0.337467,0.121239,-0.784435,-2.230633,-0.006399,-1.380352,1.059885,0.113676,
-0.263031,-1.021509,0.248750,0.259009,-0.087225,1.663293,-2.329111,-2.395987,
0.357543,-1.597020,0.763666,0.270267,-0.022288,-1.452176,-0.196163,0.267887,
-0.336072,0.522305,-3.126648,0.566490,0.141147,1.897808,0.716390,0.285729,
-0.132962,-1.160499,0.129205,0.415788,0.767183,1.102672,1.337091,0.366633,
-0.094892,2.091219,-1.267486,-0.732510,2.113068,-0.185982,-1.019727,-2.425478,
0.847263,-1.477974,-3.438365,-0.205271,-0.565940,-0.545604,-0.996366,-0.317587,
-0.177027,-0.520866,2.099600,1.698877,0.889522,-1.548116,-0.996363,-1.494697,
0.207588,0.643013,0.309843,2.871750,0.368426,0.568469,-0.418407,-0.570679,
0.109727,0.956217,-3.338991,0.247127,-0.245683,-1.440983,-2.523818,0.570397,
0.973136,0.282189,1.381722,0.537489,-1.897626,1.016259,-2.151954,-2.632854,
0.338412,0.235676,0.080499,2.796153,0.536426,-0.301209,-0.575940,-0.156927,
0.997125,0.753542,0.954233,0.572694,0.649817,0.478974,-0.020632,-2.332181,
0.432904,-0.728520,1.976350,0.603215,0.095022,1.289612,0.273359,-2.015855,
-0.805423,2.205576,-1.779949,-3.221949,-0.244606,-1.460164,-0.245572,-2.313446,
0.176255,0.401128,0.682897,0.779372,-0.433788,-0.033123,2.435264,0.623346,
2.397982,1.121412,0.728620,0.251526,0.082862,0.749742,-0.281996,-0.174274,
-1.461027,-0.401169,-0.882504,-0.552629,0.169283,-0.042910,0.728280,0.553355,
-0.257437,-1.458959,1.443090,0.626531,-0.405342,-0.024484,-3.270432,-0.009961,
2.186884,-0.680648,1.101221,1.287954,1.150444,0.364667,0.689483,-0.332446,
0.074788,0.499696,0.505847,-1.693133,-0.397783,-0.032462,-0.368371,0.807746,
-1.791467,-2.957093,0.048623,2.692728,0.997654,-1.531562,0.414165,-2.610017,
-1.335579,-0.047815,-2.120890,-1.078158,1.039558,0.177818,-0.612136,-2.178462,
-0.362066,-0.979282,1.527716,1.087268,0.636895,-0.029359,-3.064782,-0.034949,
-0.757250,1.164924,0.857666,0.631816,-0.501604,-0.967628,1.371971,-0.127806,
-0.638690,-2.335575,-0.053799,-1.274971,-0.544058,-1.554404,-0.492123,0.377614,
-0.502281,0.237565,-0.032202,2.764655,1.609674,-0.137030,1.143061,1.191195,
0.170716,-1.468367,-2.622668,-0.353036,0.391017,-1.052671,1.349476,1.769409,
0.864449,-1.267663,1.272995,0.316518,1.257873,0.587882,-2.252008,-3.391475,
0.378656,-0.075802,-1.936772,-1.160728,0.637282,-1.894708,-1.049087,0.003789,
0.227383,1.028809,1.123156,1.866434,-1.736199,-1.559089,-2.928676,-0.277714,
-2.287949,1.300653,-0.751472,0.025267,-1.107755,1.261123,-1.558166,-1.207200,
1.072781,-0.095135,-1.191614,-1.028996,0.653443,-1.310413,2.036716,0.989130,
-0.909551,-2.415920,0.041912,-2.147326,0.402677,-1.874056,0.884102,1.362786,
0.457376,-0.895984,-0.946139,-1.794127,0.397745,-1.737949,-1.144883,0.072085,
-0.522763,0.435855,-1.150411,-2.190409,-0.016640,0.632459,-0.824517,1.325970,
0.285585,-1.418575,-2.609293,-0.098946,0.788519,-3.024719,1.002450,1.182598,
0.479087,2.406972,-0.998153,-1.594788,0.091962,0.433347,-0.884958,-0.356969,
-2.546662,-1.405781,1.718040,1.248715,-0.507005,-1.712324,-2.548203,-0.146153,
0.905583,-0.468013,0.597559,-0.473168,-0.979575,-3.074502,-0.459906,2.155140,
0.909856,0.514608,1.081612,0.823678,0.323547,1.026769,-3.295289,-0.299658,
0.866340,0.016293,-2.702762,0.201294,-0.257070,-2.139359,-1.942866,-1.194364,
-0.145212,-0.029724,1.930902,0.921045,0.152914,0.361116,-0.119350,-1.972690,
-0.167982,-0.822856,-0.087467,-2.502044,0.715806,0.177553,-0.937155,-1.645362,
-0.025599,-0.386733,-0.137646,1.961220,0.443079,-0.168519,0.875151,0.199326,
0.185350,-0.317359,-0.044140,1.476893,-0.649779,0.525679,1.573570,1.184917,
-0.500026,-0.528261,-1.544472,-3.493441,-1.056943,0.630345,0.539665,-0.602523,
1.591513,-0.963912,-1.137472,0.249226,0.233203,1.717723,-0.732818,-2.402578,
0.347271,-0.777943,1.090419,1.588319,0.573926,-1.733718,0.333223,-0.846775,
0.649438,0.431817,-2.740432,0.015974,0.587545,-2.415288,-0.723832,-2.763245,
-0.197703,1.264849,1.206622,0.714605,0.912563,-0.131679,-0.096108,1.958720,
0.798252,-0.011002,-1.687594,-3.267704,-0.660082,0.968223,-1.861681,-0.143752,
-0.001873,-0.176183,-0.776831,-2.268898,0.189047,-0.949430,-0.169762,-0.797814,
-0.291804,-1.510976,-1.635714,-0.429098,1.443741,1.327204,0.520958,0.908384,
-2.444984,1.282473,-2.234448,-1.035490,0.337184,-1.443034,1.346939,-0.153714,
0.177870,0.066756,-2.119427,-0.160415,2.155210,-0.120055,0.682255,-1.516049,
-0.428645,1.989622,1.010101,0.083018,-0.880703,-1.639612,-1.032434,-0.711190,
0.006696,-0.425636,-0.943616,0.401610,0.324984,-0.235197,-1.449908,-1.304963,
1.704087,-0.501828,1.579894,-0.129524,0.937806,1.531395,-2.208682,-0.685603,
0.573927,0.039070,0.238422,1.189661,0.043257,0.845138,-0.222553,-0.455322,
-1.783888,-1.837916,-1.069088,-1.548105,0.660057,-1.197064,0.864073,0.375596,
3.353951,-0.885921,0.244970,2.185522,-0.754852,-0.462867,-0.230570,-3.110419,
-1.817084,0.738656,0.989120,0.246040,0.850642,-0.411281,-0.851693,0.619310,
1.080606,1.724284,2.152407,-0.786427,0.485732,-0.369657,-2.896632,0.011354,
-1.313025,1.337518,-0.177495,0.112618,0.278034,-2.334405,0.909323,0.775567,
-0.535910,-1.239002,-2.079697,-1.446474,-0.086025,0.166396,-0.618207,0.876082,
-1.505933,1.114813,-1.798007,-1.742377,-0.319468,-0.199371,-0.509129,0.359414,
0.076746,0.045828,-2.730376,1.002224,-2.015172,-1.765470,0.613795,0.435373,
-0.088806,0.132035,-2.518135,-0.283338,-0.769715,0.960334,0.363219,0.161602,
-0.122599,-1.751839,-0.762799,-2.067872,-0.165818,0.562864,0.656447,-0.813278,
1.251126,-0.105767,0.332326,-0.293881,3.107138,-0.411901,-2.044419,0.345861,
-1.491852,0.333087,-2.531698,0.273517,-2.020009,-2.021519,0.406356,-1.654032,
-1.841805,1.601209,-2.934292,-0.075455,0.379585,0.576704,0.773887,1.590011,
-1.051905,-0.478808,-0.539526,1.150720,2.435282,-0.074386,0.362025,2.306661,
-0.126679,2.511258,3.140817,-0.064500,0.112191,-0.738013,-2.141168,0.096326,
0.636483,1.798845,1.594294,1.081073,-0.296097,-0.604946,-1.173229,-1.429892,
-1.101853,2.057367,-0.381933,-0.099023,1.700518,-0.339688,-0.722556,-2.470476,
0.634255,0.441953,0.541842,-0.082012,-1.755786,-0.546480,2.582977,0.395269,
1.062545,-0.145959,0.496896,1.059636,-0.128799,-0.512211,-0.888611,0.862243,
0.244703,-0.618499,-0.728916,1.536217,0.345554,-1.784954,-2.145433,-0.298408,
0.370952,-1.357812,-0.375447,1.223204,-2.065142,1.401895,1.292705,0.590707,
-0.268784,0.258903,0.424835,0.958672,0.141220,-0.774624,-1.981073,-0.102353,
0.900200,1.087083,-1.430754,-2.847237,-1.633239,-1.737442,1.365628,-0.959366,
1.488358,-0.379720,0.599466,1.098476,0.833349,-0.048289,-2.239655,-0.073303,
-2.009006,1.238391,-1.142302,-1.129440,0.896820,1.291049,-0.015034,1.370142,
-0.454165,1.579891,1.259450,-0.155019,-0.846852,-0.601369,0.507605,2.048324,
-0.337917,0.622533,0.984138,0.049736,-0.254013,-1.543608,0.106464,0.277355,
0.100602,-0.021205,0.917872,0.063130,0.022657,1.876776,-0.278990,-1.489205,
-1.217771,0.071458,-0.537781,-0.006159,0.476305,0.021635,0.672980,-0.113357,
2.272355,0.015778,-1.527701,-1.804818,-0.885843,-2.279496,-1.892557,-0.141841,
-0.507671,-1.075735,-0.861836,-1.760193,0.722322,-0.608948,-0.243787,2.179286,
0.189573,-0.305051,-0.770426,-2.424563,1.134726,-0.328176,-0.924311,-1.936842,
-0.029687,-1.283153,-0.658558,0.063474,-0.515372,-0.031700,-1.022759,-2.099306,
-0.042463,-0.088971,-0.726614,-1.554434,0.367060,-0.195868,-1.319025,-1.764747,
0.212569,-1.380070,-1.447456,-1.971694,-1.609617,1.028469,0.238526,1.145664,
1.160050,-1.740342,0.277299,-0.979435,-0.802971,0.508971,1.839976,1.166728,
-0.572171,-1.349439,-2.921680,0.379627,-0.511276,0.769799,0.996227,1.621868,
0.740222,1.030564,1.335596,0.973480,0.366242,-1.165862,0.172192,-2.406409,
-0.168241,1.140728,0.280368,3.100645,0.252301,0.295898,-0.141548,-2.268195,
-1.122420,0.747553,0.292682,0.510010,0.704001,-1.077894,1.628445,1.605806,
0.277547,-1.220457,-3.273770,1.047631,0.553419,-0.839790,1.060435,1.181820,
-1.915497,1.210447,0.425870,0.597120,-0.249988,1.895897,-0.217095,-1.671088,
0.012408,1.576105,-1.996325,-3.139581,1.320521,-0.087016,0.798667,0.545372,
0.481824,-2.205994,2.336649,0.729224,0.432856,0.019908,-3.056539,-0.493093,
0.604747,-0.995675,0.342098,1.342703,0.471955,0.967492,0.378860,-2.570331,
0.436509,-1.744245,-1.299281,-2.675675,0.446469,0.160074,0.301560,0.487185,
0.524844,-0.508375,0.026876,-2.062634,0.249532,0.190018,0.240973,-1.165209,
-0.163237,1.761533,0.225965,-1.862239,0.706979,-0.053746,-0.943391,-0.804893,
-0.652158,1.358314,-0.876414,-1.329748,-1.544555,1.172170,0.342009,-1.811963,
-0.102771,-0.849956,1.002551,0.669079,-0.584976,0.973401,-1.765297,-1.769168,
0.716341,0.127940,0.588477,0.143718,-1.169016,0.961392,0.415655,-2.235359,
-1.232761,1.493627,1.048125,0.807743,-1.496605,0.798090,-1.047063,0.730893,
0.233132,-1.075442,0.590285,0.248398,0.081388,0.686445,0.171825,-0.470645,
1.039917,1.022259,0.196533,1.049207,-0.915435,-1.364779,0.065674,-1.113977,
-1.310162,1.316484,0.619404,-1.386914,0.456362,0.543904,0.694765,1.200511,
-0.306813,-0.487540,-0.375548,2.097488,0.521060,-1.408346,-1.028318,0.700861,
-0.241082,-0.910426,0.144416,-1.346206,0.967432,0.937704,0.826120,0.632258,
0.315638,1.347113,-0.339796,-0.002910,0.188453,1.729616,1.107122,0.250186,
1.238149,1.367815,0.713199,1.168121,-1.104453,0.970942,0.352328,-1.664341,
0.925952,-1.769374,0.524938,-1.735643,-1.653905,-2.418735,-0.058331,-1.807425,
2.048307,-0.659066,-2.702778,0.162318,0.117401,1.500080,0.709610,-0.297770,
-0.742578,-1.397482,0.021971,-0.799693,0.277483,0.045159,-1.737697,-0.345977,
-0.862580,-0.545973,-1.714641,-0.277019,-0.292776,-0.736211,-1.078859,0.682962,
-0.028459,-0.198844,0.978723,1.286562,1.006454,-0.646826,0.042629,-2.084816,
-1.143278,-1.753913,-1.366264,1.167021,-0.450630,0.125125,1.480276,0.925384,
0.782384,0.446694,0.427648,2.863812,0.448449,-0.417179,0.397721,1.262642,
-0.687075,-1.768734,0.870880,0.748060,-0.464912,-0.430993,0.395918,3.020392,
1.467310,0.513443,0.036681,-1.911432,1.743796,-2.397814,-0.883761,-1.618102,
0.381412,-1.172054,-0.295733,2.387705,2.006009,-0.678755,-1.128671,-0.031131,
0.862406,0.171553,-0.916773,-1.237205,1.380228,-2.252197,1.007789,0.683107,
-1.462029,-1.348145,0.988633,0.537054,-0.309501,1.569546,1.233671,0.048329,
0.628154,-0.095187,-3.418941,0.807649,0.357938,-1.417378,-0.137688,3.078948,
1.278565,0.315189,-0.947744,0.470079,-0.304293,-0.435425,0.587823,3.388443,
-0.147414,0.004424,-2.078516,-1.611216,-0.198664,0.438507,-2.420128,0.537583,
-0.563389,-2.692217,-0.105340,-1.623852,-0.321490,0.673590,-2.103048,-2.102847,
0.290961,0.049723,-0.346505,2.529752,0.034923,-1.142520,-0.168528,-0.209491,
0.400816,-0.131881,-1.024508,0.467521,-0.990869,-0.224234,0.267210,-2.435868,
0.043958,-0.123230,0.011362,-2.079808,1.371712,1.307954,-1.371777,-1.984582,
-0.069238,-0.295736,1.243175,0.940491,-0.493298,1.448921,1.106633,1.140993,
0.970481,-0.074110,-1.306352,-2.993372,-1.133247,1.017443,-0.643380,-1.580166,
1.713365,-0.869381,0.515090,0.912239,-0.422823,2.709824,1.595785,1.079616,
0.319550,-0.673797,0.433580,0.164300,-0.090448,0.344233,2.130470,0.776003,
1.074096,-0.391762,-1.901756,-0.373193,0.301029,2.096874,3.128808,1.005478,
3.143475,-0.427125,-2.730691,0.239647,0.723275,-0.630517,2.591339,0.860187,
2.858762,-0.226886,-0.243958,-1.496829,-0.427714,0.736810,-1.424210,-0.537235,
0.171257,-0.575365,1.080363,0.981391,0.395264,-0.000319,-0.027786,-1.913636,
0.220476,-0.798420,-1.335983,-2.718847,1.131139,-1.038483,-0.547616,-1.432090,
0.121367,0.858974,0.392880,1.244922,3.005048,-0.713873,0.999725,1.165626,
0.344813,-0.002672,-0.216717,2.583505,-0.577857,0.108776,0.434229,1.774949,
-0.017725,-1.832822,0.067708,2.261145,-1.466368,1.065959,0.647850,1.079891,
-0.749765,-0.404643,0.700930,1.010835,-0.450869,1.572227,0.180908,-1.573737,
-0.206892,-0.843312,0.624408,-1.405480,0.651328,-0.928443,2.444774,0.256596,
0.106744,1.246826,-2.518660,-0.066287,1.023109,-0.301344,1.291440,1.710236,
0.302827,-1.289562,0.998765,0.103161,-1.001974,-0.829966,-1.076734,-0.634624,
-0.444119,-1.249835,-0.875974,0.939514,0.756939,0.836377,-0.429700,1.869875,
0.651711,-1.388093,-0.611494,-2.857350,-0.153503,2.063951,-1.531806,-0.129995,
1.790703,-0.354623,-1.871082,-1.172238,-1.130945,-2.211598,0.502321,1.024900,
0.329074,1.718758,-3.175820,-0.276523,-0.275797,-0.369892,0.606125,1.638063,
0.134801,-0.166197,0.995734,0.069689,-0.387789,-1.188220,-0.710998,-2.308697,
0.660938,-0.094858,-0.665963,-0.004881,-0.060158,0.155403,-0.243480,1.344074,
-0.063242,0.150893,-0.196560,-3.164118,-0.096497,0.616595,-0.705783,0.367680,
0.278126,-0.959052,-2.071002,-1.213829,-1.075575,-0.910363,2.248533,0.702457,
0.209774,1.076237,-2.848040,0.420688,0.200204,-1.238511,0.433662,1.526810,
0.941398,-1.213403,1.462207,-0.344965,-1.572517,1.492288,-1.992809,-2.707317,
-0.845534,0.454308,-2.053451,-1.311277,0.549879,0.196014,-1.882646,-0.914246,
-0.268313,2.920826,-2.278224,-1.395348,-2.053669,1.435942,-2.171490,-2.467779,
0.372811,-1.855344,-0.448654,-0.205152,0.496898,-0.924333,-2.757533,0.167821,
-0.868113,0.324858,-1.896610,-1.793237,0.551214,1.624734,-1.270263,0.013142,
-0.613633,-0.129640,0.858636,0.654890,0.243434,0.214272,2.879881,1.064572,
-1.060930,0.694870,-1.439046,-0.073199,0.276454,0.075499,-1.622937,-0.934750,
-0.493985,-0.117975,-1.497715,-0.591792,0.964414,1.803355,2.494460,0.019286,
0.907891,-1.938610,-1.424652,-0.045403,0.093178,0.119963,-2.772383,0.330918,
0.603475,0.162698,-1.023489,-0.341085,0.100920,0.719002,-1.214267,-1.846815,
-0.104259,1.974447,2.292574,0.980942,0.801324,0.195784,-2.033538,-1.626018,
-0.750855,1.262678,-0.064980,2.063276,-0.038282,1.592364,2.279659,0.270690,
-2.852038,0.444921,-2.690762,-0.375108,-0.172831,-0.925523,-1.634709,-2.723758,
-0.312273,-0.705297,1.599961,0.866549,2.443952,-0.604738,-0.237706,2.588311,
0.040882,1.660193,-0.687409,-0.276601,-0.769198,1.521610,-1.570461,-1.970316,
0.320625,-1.085549,-0.540246,0.758052,-0.220408,0.738297,-0.767632,-0.954705,
-0.625120,0.863977,-1.479920,-3.098624,0.515329,-1.059061,-0.795015,1.561050,
0.538154,0.174119,2.369402,1.491286,0.491101,-0.709617,-1.787383,-0.024282,
-0.071766,1.254483,-1.930461,0.012294,-0.384792,-0.890302,-1.925140,-2.347579,
0.112743,0.160237,-2.014093,-2.376448,1.135722,-0.609698,-2.770201,-0.044589,
-1.079535,0.921331,0.362492,0.811359,1.942317,-0.282491,-0.507875,-0.129106,
2.345156,-0.800585,0.895600,0.740125,0.060965,-0.501798,-1.516281,-0.254138,
-0.034103,1.196727,-1.258051,-1.256972,0.534299,0.654873,0.599050,1.356809,
-0.071533,1.493644,-0.291593,-0.354420,-0.362404,-0.378748,-1.098137,-0.324419,
-1.050152,0.581803,-1.772293,-0.112012,0.582147,-1.370790,-2.393864,-1.826201,
-1.005013,0.984742,0.126087,1.164017,1.295751,1.278604,1.015002,0.607416,
0.073332,-0.561336,-1.167207,2.164583,-0.742233,0.604334,-1.386615,-2.565272,
0.842094,0.213749,-1.057905,1.927365,1.393033,1.511495,0.229377,0.976827,
0.534737,-1.797792,0.585263,1.737517,-0.479296,1.349433,0.908799,1.683146,
-0.199972,-0.757821,-1.070298,-1.516387,1.031923,-0.069267,-0.279690,2.529876,
0.405246,0.071031,-1.918559,-1.913700,-1.327434,-1.665720,1.723327,0.554452,
-0.942523,0.739061,-0.637219,-1.119143,0.159885,-1.992725,-0.793198,0.332443,
0.245965,-0.405285,-0.854147,0.156278,1.525182,-0.334432,-3.048631,-0.458582,
0.533846,-1.149088,0.760474,0.056868,0.307293,1.428626,1.094485,0.188530,
0.296657,0.538778,-2.089146,-1.572691,-0.076731,-1.401972,0.206856,1.805267,
0.549618,0.010178,-1.134694,-2.132374,2.265443,-0.601988,-1.212442,-2.624631,
0.896436,0.118274,-1.982329,-0.494490,0.382938,0.457563,0.327253,1.086492,
2.085059,-0.084194,-2.711483,-0.455542,0.173670,0.464303,0.590048,0.288990,
0.446351,0.033640,-2.664611,-0.205876,0.364470,0.517920,1.122094,0.278493,
0.691652,-1.208553,2.188640,0.680563,2.066337,-0.604678,-1.565476,1.193467,
0.881153,-1.816015,-0.083751,0.790464,-2.167544,-1.966590,1.344298,-0.046591,
-0.683364,-0.970373,0.110115,-1.503922,-0.584116,0.020230,-0.796696,-0.695378,
0.827783,-0.084196,-0.320280,1.842843,0.402429,-0.992871,0.101611,-2.453057,
0.611805,-1.387991,-1.482231,-0.336662,1.167641,-2.283519,-0.206966,-0.709798,
0.830898,1.388398,2.534423,-0.034948,2.368752,-0.742396,-2.514601,-0.106432,
0.432629,-1.266010,0.176121,1.262584,0.358854,-1.025279,0.938763,0.085528,
0.449055,-0.933354,0.375694,-1.216854,0.722944,0.562343,-0.811208,-0.394337,
-0.173203,-1.613742,-0.559831,2.715908,-0.938528,-1.033417,-0.531803,-2.282338,
-1.372802,1.170475,-0.462281,-0.128454,1.295144,0.610929,-0.843481,-0.939196,
-0.133297,-0.062778,2.675863,-0.295150,0.606172,-1.952844,-3.021743,0.777753,
0.214203,0.223874,0.026897,1.073093,0.389293,-0.053195,1.187080,0.535343,
1.173281,-0.820767,0.144363,-1.499848,-1.312315,0.572521,0.168388,-2.225175,
-1.445742,0.034487,-0.727581,0.294142,-2.803317,1.202030,-0.850868,-1.306328,
0.720334,0.887360,0.311053,1.342356,0.092793,0.487610,-0.403404,-0.922472,
3.951389,-0.615341,-2.674612,0.314228,0.033416,-0.490868,-0.645362,-0.942835,
0.152239,0.430321,-0.520658,2.707658,0.918553,-0.020562,-0.600494,1.774239,
0.467339,-1.299050,-0.267214,-2.168458,1.695702,-0.686915,1.019228,0.108640,
-0.352730,-0.000974,0.814280,0.196531,2.452957,0.557120,0.661868,1.975026,
-2.430223,0.316541,-2.266152,0.137898,1.673997,-0.412679,0.189071,-0.466649,
0.366447,-1.329612,0.115123,-2.177381,-1.356645,1.608204,-0.825664,-2.729261,
1.146571,0.211602,0.638973,0.312175,0.075116,-0.507900,-0.678285,-0.388005,
0.624776,-1.423934,-0.536531,-1.669426,0.021514,1.352271,-0.234455,-1.711435,
-0.889526,0.281833,-1.914200,0.892558,1.029906,0.161563,-2.107208,1.309892,
-1.266348,0.719261,2.989708,-0.087431,1.193498,-1.160320,-2.313528,0.455625,
-0.823718,0.114336,-0.412591,-0.956112,-0.154379,2.118083,-0.695410,2.453646,
-0.213156,1.417349,2.382390,0.129420,-1.045839,0.782082,-0.329037,0.778059,
1.468467,0.065310,-0.558987,-0.390687,-0.138449,0.289585,0.797142,1.750205,
-0.840346,0.581843,-2.418640,0.781755,0.019224,0.499783,0.538722,-2.384364,
0.280278,-0.518181,0.070179,-0.237534,-0.153309,0.581016,3.453304,-0.696964,
1.609894,1.625616,3.174654,-0.873664,0.458592,2.112272,0.579377,0.784303,
-1.000544,-1.132791,3.296705,-1.146923,-0.217404,-1.519246,-0.033868,2.151530,
0.190729,-1.106777,-0.335234,-1.065378,-2.606612,1.138457,0.150048,0.686319,
-0.554887,-0.557276,0.453448,0.344333,0.157399,-1.195000,-0.333571,-2.223118,
0.007690,-0.159099,-0.759348,2.088539,2.353868,-0.168632,-0.021415,-0.907289,
-0.205414,0.103293,-0.393948,0.292718,-0.386476,-1.471702,-0.410003,-2.523843,
0.538499,-1.612727,-1.517230,-0.475680,-0.850018,1.373169,-0.261893,-1.717298,
0.982233,-0.592543,0.600624,0.293203,0.365216,1.131063,0.572721,0.278628,
0.811222,0.124477,0.379877,-1.729328,-1.143071,0.528265,-1.421828,-0.964679,
0.382272,0.428890,-0.477417,1.964697,-0.358097,-1.114948,-0.902084,-1.199161,
0.562621,-1.125557,-0.978020,-1.526487,1.021664,1.017958,-1.239826,-1.325873,
0.861855,1.181235,2.945657,-0.262124,-0.570758,-1.361724,3.231264,-0.639748,
0.164972,-0.924429,-1.068711,0.094798,1.151447,0.295918,3.316098,-0.540695,
-1.142218,-0.610836,-0.940285,-0.267252,0.872873,0.255994,-0.937118,1.912500,
0.283315,0.247334,-0.342168,2.198385,0.229643,0.617560,0.125986,0.325045,
0.835347,0.345974,-1.226401,-0.654699,-0.711114,0.351875,-2.860787,0.542351,
-0.100222,-0.155822,-0.684784,-2.327253,0.699829,-0.180057,1.039323,0.316761,
-0.351597,0.959152,-1.055100,-0.528001,0.185792,-1.290162,-1.475469,-0.722545,
1.518774,0.476357,2.460555,0.008312,2.227311,-0.066419,0.776021,0.364578,
0.389948,0.364252,-0.846683,1.839934,-0.318923,1.945034,-0.787249,-2.388945,
-0.581049,-1.154107,0.580577,0.318657,-0.211043,-0.270240,-2.957104,0.831271,
-0.083441,-1.117042,0.965514,0.025845,-1.002220,-1.007589,-0.534502,-2.102404,
-0.533513,0.686213,-1.127554,-0.553326,0.603411,1.162538,-1.883108,0.089214,
-1.055969,0.645978,-0.879702,-0.553451,-1.059562,-0.185902,3.144644,-0.243496,
0.552104,-0.752433,-1.522893,-1.132041,-1.474716,1.371475,0.425133,1.135987,
0.787750,0.410731,0.655616,-2.601353,0.483626,-1.507842,-0.527898,-2.096282,
3.312845,0.668871,0.282307,0.406287,-0.079075,1.820015,-3.251295,0.637929,
-1.088451,-0.237847,-1.122843,-3.418359,0.646573,-0.319429,-0.795227,1.803735,
-0.116196,0.268185,2.888440,-0.336485,-0.938039,0.747481,-1.256591,0.805600,
0.556474,-1.033328,-0.054373,0.753975,0.232239,-1.066849,1.146747,0.037223,
-0.111585,2.305112,0.755540,-1.848290,-2.524402,-0.581251,1.360058,0.042530,
-0.802242,-1.971680,0.207151,2.169136,-0.579368,-0.299142,1.736792,-2.503039,
-0.609871,0.059386,0.103731,-0.155349,-0.572164,-0.853330,0.446086,-1.510050,
0.232919,0.476073,3.004426,0.062327,0.629244,-0.842330,-1.575908,1.307056,
-2.540234,-0.312271,-0.046287,1.365527,0.554874,-0.051434,0.896737,-0.780610,
0.130551,0.004427,0.207163,-1.287870,-0.421797,1.594025,-1.683523,-1.475922,
2.625566,-0.166252,0.002800,2.322723,0.259535,0.432426,0.690885,-2.509918,
0.706869,0.101786,1.360514,1.251972,-0.338323,0.952811,-1.072839,-0.176812,
1.489085,-1.066839,1.352366,0.576312,0.033490,-0.573284,-1.644727,0.203613,
-0.377630,0.777943,-0.297057,0.314821,-0.081441,-1.076209,1.370389,0.011551,
0.579197,-1.518751,-0.036809,-1.688242,0.213304,0.636714,1.707961,0.115360,
0.320659,-0.647162,-0.622676,2.019090,-0.784800,1.235678,-1.497594,-2.755492,
-0.393584,1.994661,-1.299264,-0.999909,-0.001591,0.958962,-1.424897,-1.701958,
0.418402,1.394922,2.450845,0.983952,-0.432654,1.196949,-0.757157,-1.062637,
-0.003614,0.342707,-1.238252,-0.934134,-0.464791,1.558207,-0.368497,-1.126874,
-0.024222,0.493970,-0.323890,-1.470510,-1.249690,-0.064860,2.071935,0.536290,
-0.304894,0.238637,-2.542462,-0.134327,-1.915508,1.412781,-0.067216,-1.651882,
0.755621,-1.837072,0.559946,0.414658,0.524985,0.600465,-3.166792,-0.242654,
1.803937,-0.571991,-0.783141,2.258524,-0.018599,1.434126,-1.031710,-2.261553,
0.003279,0.817858,0.388022,0.505414,0.104301,-1.130114,1.313838,1.992066,
0.615460,-0.669385,0.054876,-1.439979,2.962718,-0.773586,2.264485,0.631329,
-0.559008,-0.084691,1.390108,0.737976,2.215165,0.022417,-0.935213,2.155372,
0.425214,-1.026559,-1.501310,-3.080116,0.018567,-0.934615,1.125720,0.815764,
-1.406846,1.451471,-0.498831,-0.649810,-0.372733,-0.146605,-0.600196,-0.501789,
0.862025,-1.133252,0.694368,0.379173,-1.616857,0.918818,-0.275021,0.107071,
-0.946037,-2.344317,-1.526891,1.260756,0.347881,-1.454176,-0.210703,1.610106,
0.290964,-0.536454,-0.155576,-1.171393,0.512859,-1.453207,-0.833859,2.442099,
1.240594,1.519340,-0.235299,-2.404312,-0.280994,0.748871,1.016753,0.763959,
2.218899,0.624042,-0.345153,2.349643,-0.046009,-0.980855,0.588670,-0.113593,
-0.005608,-1.398950,1.023648,-0.265160,-0.126070,-0.676975,2.533392,1.208737,
0.540232,0.338136,-0.084514,0.346950,0.646456,0.211201,-0.436447,-1.539335,
0.330536,-1.137134,2.096191,0.742500,-0.924364,-0.539452,1.225506,1.004118,
0.367280,0.933918,-0.145545,-1.145995,0.539649,-0.402926,-0.374300,-1.398014,
0.560939,-1.334990,-2.374304,1.105775,0.445953,0.239635,0.649262,-1.377082,
0.459505,1.358586,0.566304,1.231761,0.328782,-0.869181,0.730626,-2.843954,
0.750767,-0.912652,-0.285324,1.780976,0.146020,2.569676,-0.048520,1.356027,
-0.688698,0.592365,-1.490406,0.915936,-0.470433,1.297189,-0.268806,-0.182256,
-0.687515,-0.190630,1.981675,0.479530,0.130925,-0.545989,3.447122,0.066534,
0.332219,-0.044309,1.547644,0.171497,-0.067760,0.719448,2.713759,0.275384,